-0.08622460056268927
0.05340575483970292
0.6580304538762924
0.4173192314307487
-0.017724813161430958
0.3006986445067854
1.0287115199280474
0.4838336286921014
0.26685697361529664
0.04573456093534109
0.3194474181702578
1.147769586553432
0.293662126206846
0.4149154340820723
0.8518048249932558
-0.0595030895330044
0.47235561829659684
0.4619810621414744
0.004974269051990131
0.02053979871137683
0.41310472712953694
0.9850802490062095
0.1557346700034003
0.861860195891873
0.41974331278984434
-0.06893699292297545
0.33317495783443996
0.2776663707970005
-0.04184790860912882
-0.23599503588023968
0.1502029651270746
0.37745027078086135
0.802564549006718
0.16053288245707306
0.2744667033514302
0.6346107056969658
0.7413525865471361
0.5607977583373533
0.9405872343072097
-0.04325419692223122
0.8080361513143517
0.9396772223880493
0.12225161116326683
-0.19933624391864393
0.09398731823020538
0.11412993013003364
0.3547961904174109
0.785828760067452
0.3890043318468688
0.11804525897208766
0.6761883660618832
0.7037737723166934
0.055262579650603445
-0.24919095218387602
0.8733979260376603
-0.013817231166094887
0.8313841640017239
0.9056923555249985
0.39980648082837345
0.25235308298444303
0.6969239712959882
-0.009497569062539422
0.17676598729021403
0.4582248464896256
0.027438988941727256
1.1671816519008824
0.04176351739393028
1.019938812084668
0.5601502406963221
-0.297612236520408
0.3177761030454207
0.5578157764491564
1.1376088028219222
0.5519028345237353
0.4099806978239279
0.9198723822647137
1.3407683474256413
0.5329782531871516
0.6364827723550146
0.22140582816368135
0.21469530623358243
-0.006092690637204079
0.8289866284097647
0.4689153153839394
-0.2557156489978114
0.19729890128584227
1.386397966194117
0.872194533732681
0.6578225690625898
0.5498346438026357
1.1169856654917927
0.9426746274394885
0.7903013816356983
0.3005584790592941
0.5328897285117362
0.2287368880860726
0.8670287622219754
0.9859192416019303
0.0813252787124753
0.3083436785632597
0.7012148819922865
