0.7217026821632636
0.05184402359008492
0.6432131117986256
0.4105159324821306
-0.005567368507479918
0.28214862915344796
0.9889563350873927
0.4561762515946251
0.2738066775663229
0.01914940757118989
0.3030049462811532
1.1184973827100473
0.2847080263457378
0.401797929458061
0.8266801221955092
-0.08187218933375856
0.4546785683013118
0.43623343723387925
-0.015812071636221177
0.017988502492040342
0.38671922765482114
0.9772911639235157
0.1517276542592612
0.8353484472914482
0.4114333945697574
-0.06665827090346454
0.31947285952502613
0.2673377641049074
-0.07359591815328309
-0.23937705958168173
0.1491409012875117
0.3588812303762917
0.7641435862531032
0.15464384889426305
0.26657621834015766
0.6141745106004398
0.7156026544997105
0.547995968222679
0.9030449351015145
-0.05531536832351012
0.7899426788064825
0.9181139575800352
0.11349485202373981
-0.20200096877378623
0.0909908624006263
0.11053746686695694
0.33539409836236284
0.7567656310999031
0.3806910760194188
0.10937401262737002
0.6696916245653313
0.6712812858223287
0.04807463504336267
-0.24641771071825408
0.8657196225286075
-0.02405917875210628
0.8042902827895811
0.8825314284810214
0.39089178284862225
0.23589792323378145
0.6817825768624709
-0.028921901345863227
0.16583598873102348
0.4456197735307046
0.01775322175711777
1.1407984441454304
0.039180325794710195
1.0115523575789522
0.5340222827572291
-0.29179705950260065
0.3085235935890884
0.5597938412877058
1.1119815123153503
0.5252353301977429
0.41099692044938935
0.8956195416409004
1.2998135370770512
0.5108414350479791
0.6150499769225416
0.20033891005034202
0.19917420800358906
-0.01028480199992311
0.8154779603234349
0.4473802214177191
-0.2653560387802592
0.18852487838972454
1.3609920195187424
0.8591448657766865
0.6513561885585163
0.5455885280630279
1.0782268378862059
0.9204387940516813
0.7594242594092669
0.2834554379493292
0.5068558333947938
0.21060957509135309
0.8298446089377116
0.9474167643279128
0.06973718199203133
0.29470232261884566
0.669459290166996
