0.7187266257034337
0.05931119778764615
0.6553658733819526
0.4020039936766725
-0.0013828793401495394
0.27639698107533395
0.9882466386538882
0.45902904280457946
0.2714299475010256
0.015751722303888008
0.3099300957560116
1.123989881560571
0.27808056314313095
0.4003156387667837
0.8313508623297565
-0.08211464059730485
0.44851911642325115
0.438761884284902
-0.010987223844402708
0.013645374445347632
0.3922365977515776
0.9738682585327488
0.1550782999184205
0.8389223008516661
0.4152424602879242
-0.059494709262286956
0.3146440524586912
0.26438986727226244
-0.07739105585226219
-0.23795903888454165
0.15341490657826526
0.35704145931324366
0.770103364001079
0.1502051319600338
0.2641754301813389
0.6145691101170743
0.7279127857383906
0.5461934586790925
0.9001467361989378
-0.057383185325258906
0.7893582740336806
0.9243390997421361
0.11434801580270297
-0.19490458199693383
0.08984161858731461
0.10810114415014654
0.33367190547055464
0.7665387654036738
0.3835841484499354
0.10129451114910447
0.6622407951648682
0.6769451170658624
0.047707816618075716
-0.24159968585383618
0.8631689215928833
-0.025504726570751184
0.80795102749509
0.8769786661446186
0.3903397509970831
0.23697340746781292
0.6764284254029991
-0.028991891478290416
0.1617557985417979
0.4495363019856369
0.01286393447569258
1.1444705916875701
0.04021330710015594
1.0153801775560964
0.5390573363164217
-0.29407022529350146
0.319664197345846
0.553246555457808
1.111389375955695
0.5298348732725935
0.40531906350214447
0.8956586324825206
1.300631068314193
0.5082842994861144
0.6231205618815654
0.20557605049480876
0.19718398894529035
-0.0039037947608221973
0.8164110158762341
0.4501459404909284
-0.26606141998297705
0.18939564369362655
1.3528039834082184
0.854976169193206
0.6497741702458584
0.5419979947069267
1.0784413926612426
0.9204128433757164
0.760104434230779
0.28332491643188
0.506326332252381
0.20857880268594833
0.8310787153840926
0.9444434773971735
0.07078118020462826
0.293671395330251
0.6772968957656963
