22.77297199999999
0.1532676852935253
0.18540003594016424
0.12000110115325768
-0.005028949599388495
0.08918555215321522
0.28547750916177705
0.14024972933510518
0.07580017028945263
0.012965308671987391
0.0940114996928758
0.3315019505350588
0.08484051499004851
0.11999801984213845
0.24210108679786949
-0.017090442799284317
0.13711955640306722
0.1353502183500499
0.0014161900416507327
0.005964230428585002
0.11583086736428706
0.284837752402906
0.044024824415908236
0.24918563325728593
0.12028595242307011
-0.01979662106801821
0.09789397594806981
0.08054030595955672
-0.012124111067731848
-0.06770598207215472
0.04429406422192627
0.10781466974774073
0.2279821703474513
0.047215420346746216
0.07987290341680515
0.18295709652948092
0.2106097051789308
0.16207966327661813
0.2744555835195922
-0.012445612272110343
0.2323461970160552
0.2688210668771081
0.03497455019961554
-0.05731742629974407
0.027455819920674366
0.03223669229877872
0.1032198403223419
0.22379289940824337
0.11244539843386155
0.03342234681117727
0.1966118516711291
0.20417137016781894
0.01612595282332979
-0.07123162198576277
0.25175707544717585
-0.0038873580954268266
0.23105567860377105
0.26548186049784483
0.11423908742340154
0.07195190804028381
0.2032259771633906
-0.002779226532301526
0.051004384041870764
0.13147853722024272
0.007746233289354396
0.3367812028982959
0.011951882460568143
0.29814529790205646
0.1642539704439647
-0.08573261086220951
0.09048105923338176
0.15787865417683392
0.3305788122776838
0.1581424569197708
0.11751964138379761
0.26660344986239404
0.3906191001273678
0.15457381285079144
0.18223068384857394
0.0625165215294225
0.061187309767201895
-0.0017434540429482788
0.234361003230879
0.1351584244343372
-0.07348793777425729
0.05728717643869131
0.4029664087260278
0.2506423289588938
0.18757296829031048
0.1578554453045118
0.3182257167161962
0.2661444118235562
0.22991168646366558
0.0853225832635394
0.15670680572700957
0.06570878939735166
0.25278162296276624
0.2900688061123831
0.023328477639930074
0.09012299048939476
0.2039984758880472
