22.75210235065413
0.1522007424268605
0.18608245194960912
0.1209426848316759
-0.0021041025276217593
0.08928282211236445
0.2826396172899268
0.13737837225172572
0.07693185116541787
0.011385677710380553
0.09305093953988132
0.3292469076602058
0.08425408153334746
0.11834174270001886
0.24094698219317612
-0.019366783574724912
0.1368929042063856
0.13369458471170131
-1.4577514227196827E-4
0.006836093073682093
0.114335665081679
0.28524298708207313
0.04336827525914446
0.2480629386538418
0.12116586632312909
-0.019010388885667542
0.09699787411233025
0.08027566233757434
-0.016222947537156928
-0.06824622783568464
0.04650780212042746
0.1061653006684561
0.22485724010190092
0.04813403107560286
0.07933546849728794
0.18182992163787454
0.20967238263438745
0.16206176886612367
0.2715016586660854
-0.013666054133985164
0.23099193577804328
0.2682962652989086
0.035456292413252946
-0.05717105329309542
0.028489266107842595
0.03234518694708443
0.10283019012214463
0.22242887070232303
0.11325147613550865
0.03301959489068581
0.19685375277421002
0.20273981741608238
0.015508738475136037
-0.07060705552096233
0.25241706309540335
-0.00428138890757949
0.22941036978912163
0.2635767458730628
0.11440605687291601
0.07053879957410315
0.20259732385219323
-0.004195347448219947
0.05158535544934664
0.13143818536862237
0.006236119483367795
0.33525396394981183
0.012278878220329545
0.29843182874680707
0.16199404853529967
-0.08492637681003541
0.09050306876931166
0.1588797572523824
0.3286148760563028
0.1560063684727932
0.1200517405920785
0.26594122260219544
0.38753116246988695
0.15424312283084857
0.18116112968849338
0.061906222861018594
0.06117016754191855
-0.001531930284352176
0.23421857236441002
0.1331535356668357
-0.07349913549132826
0.05717951409101434
0.40151112343605716
0.25148055706793326
0.18764671753340076
0.15781847638094207
0.31609345602143185
0.2655642873106702
0.22743394584460125
0.08464229129717027
0.1560715900227114
0.06408261184181853
0.2501545878522334
0.28814690882446153
0.022525618747190126
0.08945489757219119
0.20276243819509698
