24.572356570390486
26.43326687048773
24.029225058075802
24.867900609353818
20.87188146335909
22.996263440583057
22.885820876104752
25.4059230044757
22.82947795672982
20.384556122710432
22.29383440380713
23.63894556400517
24.859979033111117
23.633583780995377
23.2951074284525
21.06101407142289
23.158409252287058
26.498608181011775
23.78769243682722
22.333512000302544
20.679778212903173
23.260732074886718
25.30887708035121
21.5861587717692
20.948471612129254
20.77670201048204
23.300456781724705
25.00434864017136
25.41193333738652
23.59138562721439
24.128877034358595
22.90230539551912
22.074507621157835
22.78605401837276
23.901914428925284
20.891732383202754
23.94419617665554
23.087405622867774
24.116311049751953
23.327793387393523
20.658509487501473
23.8266344547234
24.215503633232142
24.122861922079228
24.509190421921257
23.151337090817904
24.34082631257161
22.01152169079711
24.80777969915691
19.98842115066271
22.611099733378484
23.481658822785096
23.42758821983071
20.926985761866433
20.81169049628693
21.75310804841881
22.496033128012904
25.421404355578776
23.647218700058723
21.800577781614177
24.85532373900149
22.599518136435286
22.673185705971456
20.190136435900378
24.57157420599635
20.019848332685182
24.535439062417833
21.94260345116708
21.275719086697002
21.26482728973507
21.350651991750954
23.647970145212135
20.99997630033462
21.82622352019864
23.630315390227544
20.67811683135279
21.863269975847324
25.159107834731685
22.9024270723821
22.784293210414518
24.15473023023982
23.45382477638164
20.214633067228387
24.50701677011754
24.11412666692582
21.82652383070861
21.63834587712407
22.272578340211385
19.234137809305132
21.300886361695444
23.236181362064027
21.266975837444875
22.435131368266717
23.513228060575766
19.304379185688934
23.413153651574337
22.307563329875784
23.364209143240142
21.511270319460756
22.148649822263437
21.015304050887547
24.7430748718157
19.19408783511319
24.999239628639184
20.56380771565058
17.344878510623147
19.10399993893759
24.0066256959623
20.597164851041214
25.556145832371456
23.5658159486559
23.345813405620145
21.47436857807241
20.707085974442183
21.96667235419406
23.536483646824756
23.035480647673815
23.17676741644675
22.207206085583948
25.06937622326258
23.933094182010834
19.815144378018996
21.43885564633577
21.660001414469754
21.984033055220944
27.84314772569777
21.238122652739193
22.48219485892949
25.24153157563301
21.093421118194154
22.17323070124064
20.862361706574756
20.573938880855625
22.952127598587257
23.870829171698787
23.126557956826264
22.862721847360998
20.646822259295078
21.689713944748398
23.251503310095803
22.745261651449148
21.660486803720087
21.649725867507094
20.342871470538757
21.620814246779013
21.633002258190924
22.77799982354969
21.85557530958758
23.47712495063325
22.44172675785142
25.624805464732074
22.99419833879175
21.659507833092523
22.246985669564655
22.389371821226476
24.87967955309165
21.960645114426562
23.596161889555486
24.927362240703086
22.830774263146623
27.169703200224657
24.786248330766966
21.560584768741627
21.548995657631927
20.17442025762166
24.467612499293597
20.422527600160006
21.572315751992285
22.445336421839578
22.28057618498545
21.78816445185091
20.11357060540096
24.89044722815884
21.469275824925482
22.696475025951155
24.128179586060796
21.94418508518697
26.111227373312584
22.93177718840381
22.864492062454516
21.944544319428168
22.52959100269774
22.351532047055606
21.69787201354476
19.31259170269186
20.71620652738483
22.16578754174879
22.58908799512741
24.744815438657767
23.88771525163833
21.980248114588466
24.54145526355579
22.386470500649665
25.28128347497981
23.209738521712698
21.74614888617809
22.780418146070588
25.24411436658991
22.45463884379497
24.025416494867674
24.61302096682533
25.53648007155052
21.379356962051336
21.84908102823645
25.332150420498216
23.635328123892045
24.23271384256471
25.016389229547165
22.705618844686423
20.733968176513386
20.425706501109676
25.073712217927522
22.821212200629358
22.566242416943254
20.96834474038691
23.008634494708307
23.76345801922161
25.151263671737542
23.531430729412783
24.549438025538272
21.874878579593204
22.565383062836304
22.552045921672896
21.55213357927368
21.587517786474518
21.830088452276037
22.151670771091627
20.62355735812549
21.2646002701717
22.911978400565197
21.510179081042853
22.69706884304489
24.39588472743534
23.353101762799266
21.24545310293117
22.217000730823155
21.3315329269684
22.09484019067905
24.700040624890022
21.90486176138855
24.580931027870704
22.78919692281711
21.095957425226903
21.929615065791314
26.100823175474215
23.057454066148388
21.063217180034925
21.573535486492492
21.868805700636624
20.317739936758613
22.873479616070668
24.24394899272746
21.69530843664849
20.335754086042105
22.511354353178998
25.307504007441636
22.876395982037046
23.384429545524814
21.146634380209715
22.881533100671756
20.249737417706513
22.67035183611973
23.703632526691703
23.1858027131724
22.501789100470596
20.79185154811685
21.580979123337006
21.394240824747033
23.429749041588973
21.565748574751236
22.196259025380773
22.23747504319359
24.61191527605451
19.143074702571656
23.226704338898003
22.316341822373843
21.747964606645183
22.171128403561575
21.51658253368037
22.20479975164776
25.41250679822564
23.626636566284404
22.549281337071925
24.303087666360813
22.02437939715336
23.617414610122182
23.630541411775432
23.24228331615734
23.00919639564476
26.713273650216653
22.72295440107684
23.098673678482534
26.516636781305127
21.592245531554703
25.10316152881457
22.26354445878107
21.489080951177414
24.136039403626228
24.57375374636814
23.472326397563823
23.12482011989296
21.324399423949746
21.320915963849895
19.68191958265826
24.396459230149443
21.506097114981866
22.387713764921678
27.638939565454965
21.209037159910487
18.71493030569719
19.315149763475937
21.871358121741682
24.775649938416958
21.781045724789173
23.067155479966836
23.23146755711064
26.691022431654588
24.796063880420768
21.932524401238098
17.072495687143373
26.64725823904212
26.312260976794065
24.313623906547736
23.776087151384633
21.23003707788265
21.450159891382075
21.279421224461704
24.04101640619483
21.775584988907617
20.923900751342483
23.06409499186349
19.230381413097646
24.08140340440791
20.371622538594114
24.986188345578448
25.251784941805113
26.108609921983124
23.83927529287481
24.800251172542502
22.69785698165463
23.94952202803012
24.463296659882054
20.47906098862879
24.036511890650804
23.924128540338177
20.629733696371808
23.676015724609627
21.018535303103864
22.59124784574628
22.807140045617253
23.422885360605957
23.732842727009828
25.245104452513733
23.397368898005762
20.903953340229464
22.192007753313213
24.25960296639253
23.92876625242863
19.883357803426687
23.924236589723623
25.09247829515023
22.491094476609614
18.13403553937436
24.321441401823524
24.083662092904436
23.353542203820293
24.869583126637586
22.85294153065269
20.04119134260908
22.201737000393116
20.613563558986186
26.450910493989188
22.32726747236152
20.99785547174395
21.97215810772268
21.6706931715363
19.734389032303362
20.82203826185678
22.16237399922821
23.882825476739665
19.587765542883197
24.57604321716265
25.457552451830125
23.05095084191587
23.05937561403118
19.672198590021264
24.837326152880557
24.63982084512933
22.979741827780867
22.013200603304217
25.532038529297232
20.754284607682795
23.364819561260745
24.817361780273675
24.205549776228526
22.86564212305859
21.781234348037707
22.99823923490246
19.949542686877212
23.323216920287933
25.86170793321304
22.02543780394525
21.960492055050537
21.184793468985593
21.886690528798606
22.369829466505557
22.254517398189204
23.604246897707917
21.213517503222462
19.95646094918256
22.220768711734067
22.390496791538496
23.127477297628005
22.39382718282912
22.068939010577314
21.06165023553508
21.118589515661753
22.546402445740103
23.22529784164491
23.97423278799368
25.220149973160126
21.38611921225433
20.162964987216526
21.49659562794988
23.5876408994298
20.151580708178592
20.35416319280855
22.40421616874463
21.546306184275
25.86970830929148
21.221148817180264
22.536583453064583
25.74778660761487
24.571642142192303
21.629365396551673
22.624575469377238
21.262871356479657
23.85152949896525
20.385563821110612
20.744263751351586
22.94645323478626
21.626521607527028
21.36798653163943
20.691942038231186
22.683556294489236
23.70220384126065
26.251790603997783
20.956899734234597
21.513450834608907
21.03343144867904
25.69668245394769
25.39038518922046
24.025755924252433
21.961025886187247
21.846103051755836
23.15306230528921
22.298954454286292
22.672970997991936
21.825733576244666
20.17046098314961
22.49612470509393
21.05084526444114
23.95568329903799
24.760004231499956
24.24795972292326
22.379896538705907
21.691330139054774
25.032281979477176
22.57382577996534
25.3089945855706
21.687456959231874
24.268798320486514
22.3865466802493
25.833093735379133
27.092464533011743
22.28475349065242
24.56376666847516
25.357783124123053
22.41010273453572
21.789794629746947
22.594103129880686
23.442650732871858
21.015411905471886
23.393964867057363
23.279958703600016
22.33427166577278
18.535399196025548
24.51115535572996
25.178451752561656
20.724701997191996
22.69529336349839
23.983139848744777
22.339419912896556
24.644309606331557
22.5007970065372
18.81093347482605
24.72223482697562
23.443472229838502
22.93114685664952
20.11061384780754
22.323889659017212
22.56624937884762
20.826568282704113
23.359042421077817
23.99066649202862
23.641173577794117
22.447294359089916
22.541690748551627
24.045487747732768
21.932827601833814
21.41313005342688
22.817517833676995
22.340771136937338
20.508337358527466
21.427583647372074
21.69221925782905
21.343636488805554
23.28228222313928
20.353878837042654
23.397665380108027
26.163596189538154
21.485969948659875
22.699801795325122
24.704666796583055
21.3596854093369
22.76940930425985
23.72433002985088
22.620512836527485
20.9056121520805
24.48487341901939
21.0766298964844
22.460127777093533
23.662938622648884
22.577550615799147
22.058409379303434
21.63660454892986
22.916228392624717
25.144414722143633
24.59524277341729
22.89730984261011
20.943122110742657
23.514759074423303
20.922551647989618
23.680529955647923
21.39788206144762
20.828192631241468
21.61901708980583
21.237113591228248
21.49013215966757
21.819602388194
23.132593375327794
24.80834382673235
20.645118243286717
20.46747253726663
24.53598629274147
21.12501006367926
24.698277792359356
22.134654365242454
21.465968183949364
22.86573764784811
21.630219479425264
21.082255342125368
27.349872874145003
21.505152323183125
22.843213822856388
19.60333099550933
22.852570903402345
20.539678597648983
21.330558239307265
20.426617823954043
23.032032781554083
21.64604294508345
21.94301173818381
23.976364454606948
22.630552897621804
21.218397997530573
23.08175377876641
24.094076034114366
23.930196630324648
24.685839406069856
26.355200776205862
21.229590581118714
25.101814026167823
23.80623075602611
23.20296859281243
24.128018994520257
21.473317914130455
21.46858277245818
21.634391717494346
22.49887360241594
23.02944920467158
22.37105230351463
20.25508109319028
22.015418020718272
24.521507248350765
21.191187915037705
21.8945198809173
21.892423793667653
24.410641480500328
23.141007378176585
21.33596405710895
24.719305626368715
21.108776292541727
21.659242713772993
22.393002724429124
23.687685844443223
23.38942721134703
23.384640841433445
23.97217569056879
21.513542829883022
21.884575343658625
25.07771110965574
22.533045184569573
25.29264082819306
21.377840832840782
22.133194758080254
26.51286621372095
27.0072777675268
21.354726743569497
22.348036736495672
22.575182794685432
24.6291343421265
21.86187489310692
21.420742231798855
19.651080314717632
23.326447648671245
24.5995865298544
25.20355325021607
20.833504133812912
20.978744237565902
24.0808406931486
24.280433544703723
20.33536426186962
23.920459229751568
21.391362423743978
19.959629170193576
23.206834063434027
24.660691288507774
23.281880557636143
22.77755225688492
20.8919219588215
21.813331703657997
20.29746730016273
20.600345118993395
20.389472017701692
22.457598252926402
24.447668249431292
22.53511251108545
24.08310936168208
23.192261827212967
23.341779921591467
26.00288742581992
20.58286130962824
22.30829684012008
21.365944094039794
23.410556442046214
21.43870484685317
22.759192821277058
24.46046782094483
22.625490882639244
21.61650025091581
23.195289977006805
23.71250332727426
23.241042088299267
24.583764536185548
23.51471014668375
22.641977726058467
23.856301384431774
20.955720476749946
20.515061841347976
23.1264732183352
20.411954976896137
22.680486600587116
22.811809562140976
24.835389452299268
23.834669150737955
27.69481357440689
21.639013604121047
22.769898689813658
19.428864139659247
24.223848919758737
26.69126093244174
25.054372936799915
23.812770711069177
22.38498210214556
21.888560034283195
21.90836377438175
22.487129270861608
22.77389857265547
21.38456989689757
23.811783276775333
19.753269471661433
21.404442174881332
24.386626771712645
21.164582604334907
22.568990028632236
20.69987628070058
23.109201211128337
24.75948648255048
19.236316338300547
24.985820089762562
21.70557513379848
25.050510034064423
20.00231560127806
21.65551858066541
20.72054076427042
22.352736771702627
20.95084597025661
22.313082643346394
25.859136895335705
19.987218231063324
22.71579458868053
21.732023536892466
18.911849236933147
21.974084296534624
25.233338702426604
22.959354384383868
22.599516053037387
22.050648010761208
21.81134243094678
21.12558506802597
24.76189175141883
20.454053461987993
20.584442431596813
20.781091888926465
21.23512825418225
24.415881716361955
22.733582357549523
24.529162921692507
22.826018110761698
24.766994023262445
23.612885668829655
23.434936326949735
22.531617189240574
18.201405074878284
23.46054471752545
22.279469972503794
22.551399906651195
18.67606515532663
23.634789049739105
22.988579704163744
24.047371700824268
23.834983328951807
21.199423094610154
21.636303783449524
21.258604168196005
23.934024878643886
20.82236926464935
24.350880143410535
21.747126161127003
23.7177718611249
22.614517982974018
23.009317602109363
24.914857068588653
21.92511852974312
26.422392396985842
22.10243008741502
20.5751338583282
23.95072945561547
21.48908312715361
24.395787248083856
25.86691987956617
23.526809501869415
21.129167925454723
26.552656706804257
21.880891349804962
22.809195552612923
20.328147323115356
22.604387280093146
23.707753304122285
22.734047098575815
22.62877950992719
25.806336272091848
22.029768711189085
24.583826247177587
24.7186108689806
21.148351357594155
23.75876381364523
23.029791138112035
22.57982214425297
26.46696482643652
23.94731966212195
23.872711404990305
20.248173356344545
20.8160618901328
21.82889745824355
22.289839154271792
25.61179002106465
23.306427240920804
22.07358269389858
21.312517325154914
22.192669794693
23.259674730433467
22.001346123420582
22.17833108078052
21.506143268270378
21.863790382296447
20.944477991253585
22.698454540730637
23.683570679990904
18.89627947097333
20.933816249955804
20.112471420356005
25.10254267153022
20.601391737156945
23.367412907795984
21.264419836019965
21.757257215657106
23.669727165299896
24.27114421888785
23.685210838714166
20.05490978911777
22.803206899805172
26.477752106126953
23.174365181967477
23.88404371736636
23.641294245552444
21.499252354893557
21.94078653085744
23.56469750194799
18.917778936231002
24.273876646714477
23.96384954742904
23.396373958252585
22.980017426037467
22.5156591775751
22.559863266071876
22.581358586368594
23.62711433057319
21.015228830505492
21.87886430194257
23.49438551066611
22.758359332290855
24.301480109361357
20.997648737225653
21.92255313049275
21.864064307771578
24.772164525854162
20.02945802562307
22.352494658625993
19.695258636763867
25.314638179181504
22.34574621274537
24.163524737836198
24.052251827941657
20.311961089277496
19.924926766991835
22.383682271070448
23.17829332383972
20.79219678954982
23.102420170133502
22.522165946259964
25.05489868339084
22.230709067602213
23.142837615762026
23.983458297883384
21.92842543890815
24.041934186755178
24.69419704326785
24.3536413061813
23.455584984358133
24.365226997003067
18.692481274785774
22.369496007608696
22.94867134024415
23.83498808383714
23.165940448443052
22.067147185164536
23.480301670394184
24.61047071174128
27.02801128002057
21.205472983650967
21.608929387595342
21.37591753912621
21.743384156971537
21.033863553654886
20.928867210336985
21.409035701871964
25.508409130270458
23.183397303498516
22.232405705017847
22.38881795456342
23.52151356715475
23.136552343902395
23.40923675603794
22.77812186910697
23.48113917460674
22.511438707884608
23.906263873346628
23.33468131401588
22.701675065776563
23.995903720304092
21.739271407107562
21.637229234988496
22.017165831111093
23.543324159463204
22.461111663959198
20.53561711539513
23.05168617438536
25.35407451448211
22.607369755157105
20.990396060327164
24.17811469837743
24.662634807763745
22.581851100080645
20.295380448097763
21.602687198510445
23.381332853671978
20.93905716184751
23.540492799294203
21.211820650056215
21.140971203628744
21.422702271989085
23.817911409721955
23.607746397896914
22.04814630514543
25.023790433991454
22.594277741034755
23.248096474294545
24.361735939368863
23.231650924551868
20.456098552795886
22.67197423679608
21.98576099283132
21.752553522641104
21.87933401700132
23.144098168054295
23.002545927528363
22.086936481513945
26.495726772657196
20.636779874801682
23.759853760290348
23.514022168651106
21.230727755021725
25.898551204306038
22.063250714479032
23.455412517088483
20.331059414977798
23.516858922600424
20.308844119279414
21.53745134817247
21.409277739475595
23.907793228806565
21.118637878533885
19.662919953489926
22.487985536184848
24.553639163219337
23.19669251312564
23.329627431876702
22.200288993735953
21.960882710504965
23.49220602102108
22.27198112776442
22.82469575959536
24.479612639029018
20.919842798501556
20.96752239492482
21.28633085910048
23.48936883594972
20.491770934225418
23.19980657501682
21.035088239183246
25.52832374334182
24.884000695900035
21.515806863630672
22.042362749297872
23.077579246674766
23.209865709136935
22.20022693828556
23.368303270881647
22.51479721634689
23.448870947558675
22.368667865380623
22.510519407049067
22.714912130981666
26.579100499139376
24.97710301735127
23.294139614693012
19.638901634835396
23.263574118666696
20.537985914279083
26.193031005056234
21.32642010817
24.50377276853332
21.215987285129824
24.605352500064892
21.454374646503872
21.97909057264588
21.47687067674858
21.083630183529685
23.968073290984677
26.3196989495949
23.146862014116685
24.72294192951072
21.229350530446723
21.61651909272987
21.23092281065056
21.69530758228457
20.695271790179756
22.461137992610254
