24.572356570387413
26.433266870484438
24.029225058073195
24.867900609350684
20.871881463356107
22.996263440579344
22.88582087610195
25.40592300447275
22.829477956726382
20.384556122707156
22.2938344038043
23.638945564001503
24.8599790331076
23.633583780992474
23.29510742844933
21.0610140714199
23.158409252284486
26.498608181008503
23.787692436823175
22.33351200029923
20.679778212899667
23.260732074883872
25.308877080347866
21.5861587717661
20.948471612126312
20.77670201047916
23.300456781721586
25.00434864016843
25.41193333738372
23.591385627211523
24.12887703435498
22.902305395515867
22.074507621154265
22.786054018369928
23.901914428922183
20.89173238319962
23.944196176652532
23.087405622864626
24.116311049748518
23.327793387390077
20.658509487498492
23.826634454720043
24.21550363322883
24.122861922076233
24.50919042191811
23.151337090814586
24.34082631256823
22.01152169079487
24.807779699154192
19.98842115065967
22.61109973337502
23.481658822781775
23.427588219827516
20.926985761863587
20.811690496283877
21.753108048416117
22.49603312800948
25.421404355575223
23.647218700055898
21.800577781611125
24.855323738998038
22.599518136432764
22.673185705968184
20.190136435897557
24.571574205993187
20.019848332682358
24.535439062415012
21.942603451164157
21.275719086693748
21.264827289732104
21.35065199174753
23.647970145208586
20.99997630033187
21.826223520195857
23.630315390224176
20.678116831350398
21.863269975845046
25.15910783472824
22.902427072379055
22.784293210411644
24.15473023023645
23.453824776378454
20.214633067225478
24.507016770113996
24.11412666692278
21.826523830705195
21.638345877120862
22.272578340208195
19.234137809302403
21.300886361692413
23.236181362060773
21.266975837441993
22.43513136826281
23.513228060572477
19.304379185686173
23.41315365157151
22.30756332987235
23.364209143237662
21.51127031945811
22.148649822259873
21.015304050884286
24.743074871812503
19.194087835110146
24.9992396286361
20.563807715647457
17.344878510620074
19.103999938934994
24.00662569595919
20.597164851038258
25.556145832368045
23.565815948653466
23.345813405617253
21.4743685780698
20.7070859744387
21.9666723541908
23.5364836468219
23.035480647670767
23.176767416442836
22.207206085580957
25.069376223258956
23.93309418200774
19.815144378016814
21.438855646332996
21.66000141446642
21.984033055217935
27.843147725694717
21.238122652735818
22.48219485892665
25.24153157562997
21.093421118191163
22.173230701237834
20.862361706572237
20.57393888085276
22.952127598584216
23.87082917169559
23.126557956823376
22.862721847357715
20.646822259292495
21.689713944744515
23.251503310092644
22.745261651445915
21.66048680371701
21.649725867503847
20.34287147053584
21.620814246776046
21.633002258188053
22.777999823545905
21.855575309584573
23.477124950630216
22.441726757848166
25.624805464728734
22.994198338788355
21.65950783308969
22.246985669561827
22.38937182122315
24.879679553088938
21.960645114423446
23.59616188955314
24.927362240699654
22.83077426314373
27.169703200221438
24.786248330763907
21.560584768738938
21.54899565762898
20.174420257619186
24.46761249929005
20.42252760015751
21.572315751989272
22.44533642183664
22.280576184982422
21.788164451848264
20.113570605397584
24.890447228155843
21.469275824922477
22.696475025947684
24.12817958605746
21.944185085184206
26.11122737330917
22.931777188401373
22.864492062451472
21.94454431942525
22.529591002694605
22.351532047052164
21.69787201354169
19.312591702688728
20.71620652738146
22.165787541746237
22.589087995124107
24.744815438654452
23.887715251635267
21.980248114585635
24.541455263552443
22.38647050064673
25.281283474976536
23.209738521709113
21.746148886175444
22.78041814606762
25.2441143665869
22.454638843792182
24.025416494864515
24.613020966821782
25.536480071547356
21.379356962047872
21.84908102823321
25.332150420495267
23.63532812388894
24.232713842561616
25.016389229543773
22.70561884468344
20.733968176510125
20.425706501106557
25.073712217924076
22.82121220062644
22.5662424169395
20.968344740384467
23.008634494705294
23.763458019218124
25.15126367173401
23.531430729409696
24.549438025534915
21.874878579589943
22.565383062832975
22.55204592166986
21.55213357927089
21.587517786471352
21.830088452272662
22.15167077108886
20.623557358122707
21.264600270168536
22.9119784005622
21.510179081040167
22.697068843042295
24.39588472743167
23.35310176279567
21.245453102927765
22.217000730820274
21.331532926965078
22.094840190675235
24.700040624886842
21.904861761384915
24.580931027867535
22.78919692281425
21.095957425223887
21.929615065788333
26.10082317547152
23.057454066145
21.06321718003139
21.57353548648937
21.868805700633015
20.31773993675567
22.873479616067765
24.243948992724558
21.69530843664495
20.33575408603914
22.511354353175903
25.307504007438755
22.876395982033678
23.38442954552159
21.1466343802061
22.881533100669092
20.249737417703404
22.6703518361165
23.70363252668878
23.18580271316972
22.50178910046749
20.791851548113954
21.58097912333427
21.394240824743825
23.429749041585513
21.56574857474823
22.19625902537816
22.237475043190596
24.611915276051363
19.143074702568217
23.226704338894578
22.316341822370642
21.747964606642356
22.171128403558487
21.516582533677365
22.204799751644615
25.412506798222708
23.626636566280656
22.549281337068958
24.30308766635775
22.02437939714988
23.617414610118676
23.630541411772708
23.242283316154268
23.00919639564175
26.713273650213893
22.722954401073007
23.098673678479877
26.51663678130153
21.5922455315511
25.103161528811217
22.263544458777485
21.489080951174387
24.13603940362259
24.57375374636517
23.472326397560316
23.124820119889826
21.324399423946538
21.32091596384645
19.681919582655325
24.39645923014619
21.506097114978914
22.387713764918296
27.638939565451416
21.209037159907595
18.71493030569393
19.315149763473375
21.871358121738517
24.775649938413856
21.78104572478578
23.06715547996379
23.231467557107184
26.691022431651465
24.796063880417382
21.932524401235142
17.07249568714016
26.647258239039186
26.312260976790714
24.313623906544528
23.776087151381475
21.23003707787988
21.45015989137889
21.279421224458595
24.04101640619125
21.775584988905067
20.923900751340007
23.06409499186012
19.230381413094484
24.081403404404718
20.371622538591552
24.98618834557511
25.251784941801752
26.108609921979927
23.839275292872028
24.80025117253906
22.69785698165159
23.949522028026816
24.46329665987914
20.479060988626056
24.036511890647795
23.92412854033466
20.62973369636906
23.67601572460607
21.01853530310149
22.59124784574263
22.807140045614364
23.422885360602418
23.732842727006833
25.24510445251019
23.3973688980021
20.90395334022645
22.19200775331021
24.25960296638935
23.92876625242552
19.88335780342364
23.924236589720287
25.09247829514689
22.491094476606904
18.134035539371304
24.32144140181975
24.083662092901072
23.35354220381739
24.86958312663452
22.852941530649446
20.041191342606176
22.20173700038969
20.613563558983305
26.450910493985724
22.327267472358105
20.997855471740447
21.97215810771951
21.67069317153326
19.734389032300548
20.82203826185355
22.162373999225206
23.88282547673634
19.587765542879882
24.576043217159427
25.457552451827315
23.050950841913075
23.059375614028262
19.67219859001858
24.83732615287752
24.63982084512556
22.979741827778064
22.01320060330145
25.532038529294613
20.75428460767979
23.364819561257615
24.817361780269973
24.205549776225688
22.865642123056055
21.781234348034424
22.99823923489947
19.94954268687438
23.323216920284754
25.861707933210077
22.025437803942843
21.960492055047602
21.184793468982377
21.88669052879569
22.369829466502328
22.25451739818565
23.604246897704947
21.21351750321974
19.95646094917969
22.220768711731235
22.390496791535384
23.127477297625372
22.3938271828258
22.06893901057447
21.061650235532674
21.1185895156586
22.546402445736355
23.225297841641353
23.974232787991017
25.220149973156406
21.3861192122519
20.1629649872135
21.49659562794681
23.587640899426404
20.15158070817537
20.3541631928048
22.404216168741804
21.546306184271486
25.869708309288406
21.22114881717714
22.536583453061073
25.74778660761196
24.571642142189415
21.629365396548963
22.624575469373912
21.262871356476936
23.85152949896198
20.38556382110822
20.74426375134871
22.946453234782688
21.62652160752329
21.367986531636134
20.69194203822843
22.683556294485854
23.70220384125702
26.251790603994593
20.95689973423168
21.51345083460581
21.03343144867568
25.69668245394409
25.390385189217476
24.025755924248873
21.961025886183972
21.846103051752532
23.15306230528631
22.298954454283425
22.67297099798876
21.825733576241568
20.170460983146782
22.49612470509019
21.05084526443798
23.955683299034913
24.76000423149623
24.247959722920488
22.379896538702884
21.691330139051253
25.03228197947361
22.57382577996217
25.308994585567145
21.687456959229007
24.268798320483054
22.38654668024587
25.833093735375726
27.092464533008222
22.28475349064903
24.563766668472557
25.357783124119695
22.410102734532934
21.7897946297439
22.59410312987744
23.442650732869033
21.01541190546865
23.393964867054574
23.2799587035967
22.334271665769226
18.535399196023185
24.511155355727155
25.17845175255842
20.724701997189083
22.695293363495274
23.98313984874131
22.339419912892986
24.644309606328342
22.500797006533844
18.81093347482268
24.722234826972276
23.443472229835386
22.931146856646297
20.110613847804725
22.323889659013975
22.566249378844883
20.826568282701217
23.35904242107457
23.990666492025788
23.64117357779094
22.447294359087252
22.541690748548273
24.045487747729332
21.93282760183082
21.413130053423767
22.817517833673712
22.34077113693434
20.508337358524564
21.42758364736897
21.692219257825638
21.343636488803234
23.28228222313602
20.353878837039776
23.39766538010475
26.163596189534427
21.48596994865671
22.69980179532259
24.704666796579986
21.359685409333924
22.76940930425687
23.724330029848073
22.620512836524473
20.905612152077303
24.484873419016065
21.076629896481457
22.46012777709074
23.662938622645513
22.577550615796472
22.058409379300222
21.636604548926673
22.9162283926215
25.144414722141008
24.59524277341339
22.897309842607058
20.943122110739186
23.5147590744206
20.922551647986563
23.68052995564495
21.397882061444243
20.828192631238586
21.619017089802938
21.237113591225615
21.490132159663656
21.819602388191537
23.13259337532502
24.808343826729253
20.645118243283473
20.467472537263486
24.535986292737718
21.125010063676534
24.698277792356034
22.134654365239342
21.465968183946334
22.86573764784511
21.630219479422156
21.082255342122043
27.349872874142175
21.505152323179725
22.843213822852988
19.603330995506568
22.852570903399283
20.539678597646013
21.33055823930468
20.426617823950725
23.032032781551116
21.646042945080882
21.94301173818067
23.976364454604084
22.63055289761872
21.218397997527546
23.081753778763243
24.094076034111385
23.930196630321774
24.685839406066822
26.355200776202388
21.229590581115723
25.10181402616448
23.80623075602267
23.202968592809157
24.128018994517355
21.473317914127342
21.46858277245476
21.634391717491184
22.498873602413124
23.029449204668243
22.371052303511814
20.255081093187673
22.015418020715313
24.521507248347238
21.19118791503427
21.894519880913652
21.892423793664587
24.410641480497596
23.141007378173345
21.335964057105805
24.719305626365806
21.1087762925391
21.659242713769764
22.393002724425926
23.687685844440157
23.389427211344202
23.38464084143035
23.97217569056537
21.51354282987997
21.884575343655342
25.077711109653055
22.5330451845663
25.292640828190194
21.377840832837578
22.133194758077206
26.51286621371732
27.007277767523505
21.3547267435664
22.34803673649257
22.575182794683375
24.629134342123994
21.861874893103604
21.420742231796442
19.65108031471464
23.32644764866853
24.599586529851173
25.20355325021306
20.833504133809782
20.978744237563262
24.080840693145934
24.2804335447005
20.335364261866495
23.92045922974851
21.391362423740848
19.959629170190567
23.206834063431014
24.660691288504612
23.281880557632277
22.777552256882082
20.891921958818745
21.8133317036548
20.297467300159703
20.60034511898975
20.389472017699234
22.457598252923255
24.447668249428308
22.5351125110825
24.083109361678716
23.19226182721018
23.34177992158847
26.00288742581637
20.58286130962594
22.308296840117453
21.365944094036454
23.41055644204323
21.438704846850037
22.75919282127391
24.46046782094142
22.62549088263577
21.61650025091269
23.195289977003856
23.71250332727076
23.241042088296254
24.583764536182642
23.51471014668089
22.641977726054844
23.856301384428768
20.955720476746734
20.515061841345524
23.126473218332254
20.411954976892936
22.68048660058394
22.811809562137917
24.835389452296116
23.834669150735014
27.69481357440413
21.63901360411827
22.76989868981032
19.428864139656657
24.22384891975576
26.691260932438215
25.05437293679665
23.812770711066108
22.38498210214253
21.888560034280165
21.908363774378746
22.4871292708586
22.77389857265238
21.384569896894497
23.811783276772392
19.753269471657767
21.404442174878064
24.386626771709427
21.164582604331866
22.56899002862895
20.69987628069741
23.109201211125594
24.759486482547086
19.23631633829757
24.985820089759414
21.705575133794287
25.05051003406079
20.002315601275395
21.655518580662477
20.720540764267074
22.352736771699846
20.95084597025406
22.31308264334306
25.859136895332497
19.987218231060343
22.715794588678285
21.732023536889447
18.911849236930866
21.97408429653098
25.2333387024232
22.959354384380642
22.599516053034293
22.050648010758156
21.81134243094343
21.125585068022783
24.761891751416027
20.45405346198477
20.584442431593356
20.78109188892372
21.235128254179752
24.41588171635921
22.733582357546226
24.529162921688965
22.826018110758397
24.766994023259414
23.61288566882696
23.43493632694627
22.531617189237107
18.201405074876003
23.460544717521667
22.279469972500518
22.551399906647653
18.67606515532396
23.634789049736042
22.988579704160752
24.047371700821188
23.8349833289484
21.199423094607017
21.636303783446564
21.258604168192498
23.934024878640635
20.822369264646714
24.350880143408055
21.747126161124257
23.71777186112141
22.614517982971147
23.009317602106005
24.91485706858533
21.925118529739443
26.42239239698225
22.10243008741249
20.575133858324968
23.95072945561271
21.489083127150302
24.39578724808063
25.86691987956341
23.526809501866236
21.129167925451792
26.552656706800942
21.88089134980199
22.809195552609758
20.328147323112834
22.604387280090023
23.70775330411896
22.734047098572262
22.6287795099239
25.806336272088043
22.02976871118593
24.583826247174823
24.718610868977137
21.1483513575908
23.758763813642783
23.029791138109026
22.579822144249956
26.46696482643347
23.947319662118645
23.87271140498692
20.248173356341713
20.81606189012993
21.828897458240345
22.289839154268485
25.611790021061413
23.306427240916914
22.073582693895354
21.312517325152438
22.192669794689568
23.259674730429857
22.00134612341745
22.17833108077715
21.50614326826705
21.863790382293544
20.944477991250313
22.698454540727383
23.68357067998727
18.896279470970843
20.933816249953143
20.112471420353284
25.102542671526738
20.60139173715333
23.36741290779252
21.26441983601695
21.75725721565424
23.66972716529623
24.271144218884473
23.68521083871126
20.054909789114653
22.803206899801875
26.47775210612401
23.174365181964284
23.884043717363024
23.641294245549766
21.499252354890004
21.940786530854332
23.564697501944906
18.917778936228462
24.27387664671156
23.963849547425763
23.396373958249114
22.98001742603469
22.51565917757225
22.55986326606904
22.58135858636549
23.627114330570567
21.015228830502217
21.8788643019397
23.494385510663353
22.75835933228706
24.30148010935788
20.99764873722242
21.92255313048958
21.864064307768533
24.772164525851046
20.029458025620226
22.352494658622895
19.695258636761558
25.314638179178242
22.345746212742856
24.1635247378332
24.052251827938413
20.31196108927505
19.924926766988428
22.383682271067443
23.17829332383686
20.792196789547315
23.102420170130518
22.522165946256475
25.054898683387457
22.230709067598774
23.14283761575911
23.983458297880297
21.928425438904583
24.041934186752346
24.694197043264627
24.353641306178158
23.45558498435544
24.365226997000143
18.6924812747837
22.36949600760596
22.948671340241063
23.834988083833537
23.165940448440345
22.067147185161286
23.480301670390787
24.610470711738365
27.02801128001693
21.205472983647883
21.608929387592195
21.375917539123122
21.743384156968443
21.03386355365173
20.928867210333507
21.409035701868973
25.508409130267648
23.18339730349492
22.232405705014994
22.388817954560356
23.521513567151313
23.136552343899204
23.40923675603511
22.778121869104055
23.481139174603776
22.511438707881002
23.906263873343754
23.334681314012666
22.701675065773426
23.995903720300536
21.73927140710435
21.6372292349856
22.017165831108805
23.54332415946064
22.461111663956462
20.535617115392263
23.05168617438156
25.354074514479276
22.607369755153986
20.990396060324226
24.178114698373722
24.662634807760764
22.581851100077202
20.295380448095145
21.60268719850782
23.3813328536689
20.93905716184489
23.54049279929148
21.21182065005283
21.14097120362607
21.42270227198595
23.817911409718157
23.60774639789312
22.048146305142964
25.023790433988175
22.594277741031654
23.24809647429094
24.361735939366298
23.231650924548852
20.45609855279233
22.671974236793485
21.98576099282801
21.75255352263782
21.879334016998047
23.144098168051894
23.002545927525734
22.086936481511113
26.495726772654212
20.636779874799014
23.75985376028733
23.514022168648307
21.230727755018897
25.898551204302695
22.063250714475892
23.45541251708571
20.33105941497562
23.516858922597525
20.30884411927682
21.537451348169245
21.409277739473108
23.90779322880364
21.1186378785305
19.66291995348653
22.48798553618169
24.55363916321605
23.196692513122624
23.329627431873096
22.200288993733103
21.960882710501664
23.492206021017935
22.271981127761308
22.824695759591577
24.479612639025788
20.919842798498475
20.9675223949214
21.286330859097873
23.48936883594656
20.491770934222256
23.199806575013607
21.035088239180293
25.528323743338586
24.884000695896418
21.515806863626963
22.042362749295304
23.07757924667171
23.2098657091339
22.200226938282963
23.368303270878698
22.51479721634383
23.448870947555115
22.368667865378068
22.510519407046328
22.714912130978227
26.57910049913599
24.977103017347858
23.29413961469008
19.638901634832575
23.263574118663087
20.537985914276067
26.193031005053093
21.326420108166836
24.503772768529892
21.215987285126374
24.605352500061755
21.45437464650092
21.979090572642715
21.47687067674551
21.083630183526907
23.96807329098071
26.319698949591125
23.14686201411326
24.72294192950735
21.229350530443206
21.616519092726982
21.230922810647826
21.695307582281263
20.695271790176665
22.461137992607267
