24.656277569030813
26.43926251419888
24.0287967834339
24.899232133024903
20.899084909043534
23.098346129458893
22.91110118222741
25.385071615387545
22.835045957012234
20.359705633503243
22.275329348980005
23.651106539309716
24.964562050894337
23.67040865953315
23.198067738844614
21.030605182443892
23.205431620865387
26.55508785056893
23.77652842196691
22.29756304990538
20.738496175522524
23.261866717669825
25.308172137724462
21.611805721416452
20.979558323884877
20.785634328486438
23.275070957417995
25.003030531068568
25.405585541068422
23.65151342540532
24.15203857024743
22.879635932452942
22.048269425564666
22.850230120684483
23.89050737146633
20.930810918550137
23.9374928426456
23.100246922450896
24.08571447074204
23.35190179078382
20.610655319330505
23.839107628108614
24.21537744414331
24.049377752915714
24.44943266999574
23.18663912260444
24.373950718907555
22.02549597282499
24.833212782803347
19.99836460859482
22.622397157826686
23.499954484168942
23.409470193292155
20.983346207023637
20.789937247344582
21.824500917277916
22.55235986481114
25.440694676804473
23.712995561323716
21.80478818664541
24.863272063825065
22.556623016065608
22.724068697068056
20.22724609831061
24.618199369673274
20.043617527419563
24.535596222765452
21.88238158231152
21.211819087207424
21.27928137016945
21.315185322864377
23.667793763949923
21.02608208871107
21.835151989370715
23.531232353856762
20.727769615669306
21.863942899586167
25.139306452683197
22.99177681620507
22.862736269346378
24.158905668430165
23.414669689328914
20.19735846757916
24.505640425292718
24.079394315988047
21.878335892714254
21.63628904419042
22.344730872526046
19.324373433662032
21.357949883419955
23.337570923809984
21.284648010902053
22.44729528363983
23.4619474228057
19.28904623638686
23.383312756348737
22.387476610076934
23.37034475225675
21.47676600823373
22.11079173402649
21.04813423264104
24.80125153669358
19.173974478494692
24.903419279388498
20.599788474273605
17.372514456992256
19.118478508165296
23.97686252043977
20.64610079712271
25.654612658745947
23.57650734731168
23.28015031831288
21.43022449486067
20.67784399028355
21.963312385295502
23.554596218818848
23.07063765122994
23.0963716791552
22.257801273354595
25.00704757819694
23.96243602525266
19.80184533710871
21.401202482369683
21.711451711524692
21.97241863324161
27.905326505421936
21.204370256726573
22.50137249582418
25.21768861509597
21.091003905275347
22.11299857553111
20.852872212137584
20.60582471159779
22.957436982929003
23.99154260952079
23.09935863065131
23.007871064444974
20.620433950818853
21.738431179556795
23.19273480737694
22.731178093499757
21.67406872561559
21.61838120618518
20.3557458089909
21.595917362907464
21.593780253692163
22.807523598508208
21.808403647558393
23.420252711530445
22.41904129496433
25.666413490851426
23.041024142618056
21.67131193370769
22.18578783837781
22.372818738309476
24.947701167510594
21.865880217629318
23.596130668538898
24.97177159205513
22.828902887842805
27.23297423655495
24.793437146273085
21.591330058973025
21.632734767574238
20.16913196892434
24.428906051437522
20.44853932990414
21.59752237071757
22.368751327349198
22.380955209572146
21.785296706812083
20.1077739480348
24.915922095980815
21.40189230191681
22.73915063657569
24.10073797056477
21.871187046524007
26.09298854068739
22.949397029696414
22.968672726637237
22.013856443539666
22.516697280657496
22.289635352720865
21.584143675702773
19.275634866864575
20.721836603353108
22.115531783379975
22.58809614798284
24.702403586301983
23.880841585102125
21.889511240613604
24.55448091687179
22.43588029619894
25.29540473015474
23.102789353283775
21.784532174324028
22.745029392648814
25.28990502334714
22.50324033876987
24.017900587359325
24.585815426794795
25.576403187874778
21.428213409174564
21.921291269920303
25.339261281774263
23.695135001526342
24.213197776036456
25.0408727586687
22.748544577165294
20.705128009351387
20.333955229650567
25.04024582598863
22.962200723553135
22.577013486780615
21.067418748012912
23.01580832581296
23.81448623242185
25.06179869496823
23.51862052231962
24.541171295960485
21.880614168975352
22.634177549335778
22.535939652069857
21.54909339213479
21.620583818341547
21.843808284557493
22.22509774794994
20.70952575052891
21.26759134428618
23.000134378345123
21.53209442562158
22.706501158335502
24.405459858886008
23.364452272053438
21.250895761110804
22.225845020446652
21.33322241502834
22.1363449729323
24.690861225464964
21.86810565238173
24.511862211419125
22.845597268880802
21.1114124627862
21.99592297213924
26.15998609374233
23.021110668116133
21.09938736753855
21.573767270373647
21.857913346152596
20.310932253656027
22.875663716763565
24.176498036854387
21.747044580462678
20.37007858051225
22.52399540607711
25.375110990578385
22.906380445589726
23.3886741174813
21.195864722357793
22.866401443976404
20.21312783437664
22.728001321575096
23.713341123153594
23.204604246194386
22.49008833080867
20.807909416891853
21.62457099995824
21.427291624545365
23.496608841101107
21.584826745081827
22.205567587257082
22.236230085785277
24.660407159990775
19.160522943824795
23.198690379796563
22.315763329679786
21.796246335735404
22.061659528093816
21.488476734153362
22.119295771841635
25.390544470669475
23.684516724825745
22.47573988207286
24.375217908245663
22.030669055654553
23.65196156499999
23.72913129672772
23.269839936948088
23.097598926569972
26.66788224943333
22.722558366413384
23.047518252618904
26.51444529075572
21.495758771707866
25.043040649220963
22.251312072857278
21.48135341938863
24.134107310816315
24.66735957749154
23.467567003543838
23.14555166449866
21.343262248820068
21.274640404236024
19.692614912074166
24.406702837927327
21.473440596500556
22.47418731941845
27.623375723900192
21.22676704015862
18.69224842935703
19.347776375801313
21.945327670841742
24.796788787832508
21.813242583264657
23.099041325360552
23.202143127869444
26.72369368496995
24.77727988770476
21.88588605609597
17.154938911222985
26.693978449895514
26.323667985626567
24.34506409513902
23.730075359519894
21.252123945313173
21.517988060522224
21.277177543904273
24.068098418902952
21.774526260920123
20.95581132702178
23.07707620196092
19.20397514963021
24.17128271215025
20.388582908253472
24.99360496946654
25.300611346597048
26.077474862977244
23.949572088094666
24.797157114632093
22.705564538538958
23.906099323722213
24.477171623432923
20.486981303928562
24.032047490247855
23.865286653308612
20.652353201642146
23.56135369499409
21.010689302955022
22.637903188700175
22.890853956036082
23.420492018597347
23.77517259060484
25.302179080855456
23.409307550353258
20.92748895925539
22.12653227571459
24.262561246795073
23.898168581372126
19.861424980445577
23.936590074181584
25.106238380848424
22.481287220239714
18.229030541147857
24.346747408341955
24.066004518005716
23.42466872283108
24.880172050091115
22.867293102543808
19.908071378125772
22.20853939165727
20.64848242943003
26.481327131130573
22.227059146540526
21.068068056972056
21.948233050910776
21.70297616836086
19.72823716297025
20.80603944092317
22.13838826397217
23.96557060684728
19.5931822189281
24.586299330047076
25.484792655800476
22.984082208944674
23.08636108446779
19.6654855784978
24.934173884490264
24.520101841183813
23.007878785384946
22.0314818459717
25.611877546550588
20.84833816506457
23.340510169475145
24.760182509996678
24.111978719002906
22.892033384179914
21.738445428341983
22.992990755213324
19.879596338242152
23.372614470598773
25.826814099496435
21.9639556871982
21.98273303350349
21.18148907376375
21.83362965343498
22.49140423590134
22.25458795877634
23.612443019697533
21.19418673806416
19.896762232784717
22.23906308644445
22.394362897306863
23.12117241622231
22.41493081107908
22.099408419718348
21.02939475512056
21.078570468467213
22.559654557838343
23.244342535932226
24.074594375286132
25.227447975747605
21.384614417713724
20.17672794151646
21.421953318740872
23.564291448549806
20.10059208452611
20.387809057276336
22.385528019069838
21.55221008378459
25.907903104080496
21.29764471800066
22.49946503920302
25.777011910492973
24.52716625363422
21.666255113012635
22.74475257625
21.277215313815027
23.956009399001985
20.446264337319995
20.676727418870517
22.92017629537515
21.641834795756903
21.461559116291163
20.752361103387383
22.63409173127066
23.731339186573603
26.233968948325096
20.86396434973117
21.616433458519133
20.975571435602095
25.704721982166618
25.420913735767723
24.019538333937415
21.922182880717532
21.84726267457106
23.110514067674448
22.227354147868304
22.698659745624692
21.86190212136942
20.205868039297805
22.462968181512878
21.061350524621606
23.99418021602583
24.698546845264428
24.35265247057883
22.43209030582094
21.697260262576375
25.109492512792293
22.6070595837663
25.345360344639115
21.68011693268797
24.250576514159867
22.38205104788459
25.764043968076173
27.09278478955091
22.263040818782777
24.55064195583418
25.361048493365242
22.48255436685031
21.790000928653814
22.625006378761032
23.420607218801752
20.93027076228392
23.47798703163508
23.170348410288252
22.325284756867127
18.563861200039202
24.586754578283994
25.15257375707614
20.699665693200252
22.610373870873666
23.9791406348231
22.33121953013417
24.63565912881733
22.609719612709885
18.816368833851634
24.70738381314851
23.490494257898778
22.87777493632629
20.172182917514032
22.29027659573508
22.60767067136209
20.874190426308097
23.3716225469612
24.012118300612293
23.60537767949059
22.53878725263112
22.465822173279513
24.032095402920664
21.87626065307785
21.409525313195534
22.852539179452062
22.32011492112084
20.51835601639987
21.453152346556507
21.714590523586804
21.46603932967539
23.352484605942045
20.382474953251485
23.343198371337067
26.15342428118518
21.49338011888714
22.741586132579247
24.7935573076478
21.366484731044398
22.67466693507606
23.782927174632395
22.633765207693383
21.04246321755662
24.552428063068316
21.14081874753583
22.45989116919742
23.62087363203672
22.572901461579644
22.03482938825613
21.63367585955858
22.93447178788099
25.17209150591205
24.62067636010729
22.91783157098703
20.923410095324087
23.51443576335729
20.933614734178196
23.61989631731164
21.445065743322562
20.781742775343947
21.65811024663036
21.211112814314316
21.468159513173887
21.816504660271228
23.207710936384608
24.82069666735586
20.7073612178779
20.53814382279127
24.543006312991547
21.15152188361768
24.706117399798142
22.158869216331702
21.41201449653691
22.9478433556833
21.67276440298506
21.093523952085146
27.395744716485527
21.49037294158478
22.855020920639443
19.640253214117134
22.865311111038324
20.574653506637105
21.32763433708826
20.374330425507015
23.02926661785756
21.626615973161904
21.942103270999997
23.98601798437764
22.579089444914555
21.230659637752385
23.095096615164344
24.105767254223494
23.873991576764148
24.774315557059705
26.332635999843095
21.228751736352013
25.160630953485295
23.81136456714852
23.226492541409854
24.08312020188075
21.56408547537828
21.54523286697171
21.60146989487571
22.437728741983314
23.046037825728764
22.363948694077607
20.273464435254386
22.059869542821914
24.550162045756405
21.241480385861806
21.864710331983904
21.83566690360012
24.510551077411264
23.11437230626373
21.33634141289229
24.767974744158778
21.107102702461443
21.68548370313439
22.395603165845174
23.662186150738144
23.46009728128191
23.466340873261835
24.007828656365568
21.515129163805838
21.946073633276395
25.038971546150528
22.53898063631205
25.322376776910655
21.428865590049124
22.136005552007017
26.560042689015685
27.003743424752273
21.27135893362654
22.424461450596976
22.541291156369955
24.73709345623954
21.84874408740399
21.43279659517597
19.5684560427457
23.349794004277648
24.619924035024134
25.15124928681045
20.899823330254087
20.92233102249461
24.182874373382774
24.255263423738757
20.39465391506122
23.921043763340187
21.420229875621377
19.930893890686683
23.175811314970353
24.68548644819803
23.277948854235607
22.821984325669952
20.973007796157255
21.758170032880322
20.28947446519606
20.545488802162517
20.466760493449783
22.451824658922963
24.499677827792908
22.536144162862083
24.116124896365086
23.248012917579114
23.256284628061596
25.994220968745637
20.568126528312234
22.291023688883612
21.326356084420713
23.426128167252383
21.381254981901616
22.75747557441262
24.42155358997705
22.53058511988716
21.676008201820704
23.22426361074637
23.695886592940564
23.268605500045904
24.628915485072703
23.524783043380264
22.68457416239002
23.794326855697236
20.8614506031907
20.543316240728117
23.140664372726032
20.39667275406553
22.659958574015626
22.892938261459797
24.841783643087737
23.74617636033683
27.71042121283729
21.722067038233043
22.62477279135056
19.3708711988397
24.20617540548605
26.727153878515146
25.15110004809098
23.748261179268855
22.39545539704082
21.944202540421415
21.933068195582077
22.556867714390712
22.754592463939154
21.403692010891408
23.819251518623663
19.774679334244166
21.418137219449665
24.384059482771747
21.178197555645824
22.572736974744668
20.811040353601477
23.07483221926691
24.70863727490318
19.267215898883553
24.9948485681609
21.652731521306645
25.060478019138266
19.95600973099771
21.67451605182784
20.75574024483137
22.365266604808518
20.91765874061427
22.31980128653084
25.883487434045016
19.979286330764186
22.67259103995285
21.77545435729697
19.025961113327817
21.960321247618545
25.259678471415953
22.998996442231
22.540804482951103
22.117466162242923
21.77571539422296
21.142291503267877
24.796080553984538
20.46738426188545
20.555519398944423
20.7203766513984
21.23315352621427
24.39447363942111
22.735582967659262
24.625134705481567
22.801017024773508
24.744713490149703
23.58556129206179
23.418217742520337
22.52483336838246
18.184377611032495
23.44530325766647
22.204661273298854
22.588984003632437
18.654957563939682
23.664336673520406
22.945588715742833
24.110613958169658
23.817924195196916
21.16440424538861
21.709988010287432
21.31790887434608
23.98432202246043
20.810120987149897
24.43818991735369
21.769475986774136
23.66898455352182
22.705616848703517
23.09130462294245
24.913861006785993
21.882056286505044
26.391639396851367
22.130470299607328
20.596529827276864
23.977150599849367
21.495511387660162
24.41802142752258
25.818252239800962
23.554349572099586
21.197317231321872
26.543942599216273
21.829709478678286
22.7898606257163
20.38134316705469
22.640010972335666
23.706652898651424
22.703365356873245
22.540190322846097
25.84610839847008
22.048100183700342
24.59731320200608
24.7763437486247
21.19365927046194
23.827762582375158
22.993045037152886
22.60941359757446
26.513173146265732
23.96061689149212
23.862989731767396
20.291122685919742
20.872481151069138
21.872945815065883
22.307865448241635
25.61862434815366
23.272087358791147
22.0797982451646
21.322747767213507
22.21647614773752
23.277418708550446
22.031078898842193
22.138152604178316
21.578132887757793
21.807496921542754
20.988564599671253
22.754938525606338
23.673076133779013
18.932837383766408
20.853568527346653
20.157625958005383
25.125681984393964
20.53595330462113
23.39504351979923
21.316135792813107
21.772919540768584
23.636189151945583
24.21347806238055
23.700566827150134
20.069429756261865
22.874581991396045
26.433751201234525
23.18229025975904
23.8795352512582
23.667512551769118
21.521111737933136
21.952325618731024
23.57268226307622
18.91576122798149
24.272696095304212
23.96308883527527
23.429654398054023
22.986308867363046
22.61471578357559
22.549079203995515
22.609225876865498
23.666946588011726
21.071152034057793
21.902964285944705
23.587484005232916
22.709095320710954
24.34153597526014
20.98299957534341
21.881368257578995
21.884207893568323
24.72577181180482
20.049191593969557
22.31245906080034
19.6981931598924
25.31791345484422
22.325747169810306
24.137311418468553
24.063233835800343
20.407976956450273
19.939393008003382
22.45826006197443
23.169663815836774
20.708255092719778
23.132079481168915
22.516794858290634
25.106724395252495
22.292414048944856
23.09574773182981
23.916289382889296
21.85299153365332
24.130281400976767
24.734132990760763
24.355121696278413
23.51281746988599
24.39672199914552
18.669186272705534
22.44523468121793
22.93407700704396
23.803408641739665
23.143195800617107
22.0342733035408
23.420041887982354
24.618724023958055
26.976793155569762
21.14315555191204
21.67463157503779
21.387753148724247
21.76725422567074
21.03614512435432
20.973563336843213
21.4413729518915
25.48994976339489
23.20756427352655
22.180244068535597
22.478278191458518
23.48714055434028
23.171391406687274
23.45584673184815
22.766290137537723
23.505592104129803
22.493239744882068
23.884596285678093
23.35385916616534
22.72615926957492
24.063736869412608
21.63309492702939
21.614875782818
22.06163746390722
23.604188726084768
22.53304531294021
20.544445026668203
23.021240026792427
25.34825826623509
22.599444861504598
21.001519194253937
24.13745339143609
24.63632950240655
22.636921611815666
20.340271353808483
21.591931663775377
23.364782947076684
20.911564692784875
23.525814237220665
21.15812909196827
21.12255007462287
21.45543667566493
23.78678051191455
23.56127117317991
22.02747223029539
25.032209643930255
22.630014389160976
23.256948159411085
24.31687865628999
23.213767394774813
20.502022266854677
22.669406671603138
21.980404516289163
21.762863890167036
21.87123569006324
23.133289747799893
23.027406459131534
22.119411877894674
26.496537367105013
20.667699872227168
23.758895414332176
23.562225715204278
21.23951090789278
25.91470299258568
22.03530016967717
23.38152207065246
20.29308429572929
23.53756882438198
20.277200521819793
21.493060953406737
21.445556922244513
23.918018568102912
21.08127176754193
19.68567116129515
22.470532769149774
24.570341501362698
23.27189928686601
23.29569212233032
22.21436804925976
21.966509946675746
23.539519429348907
22.37327374697257
22.785304319734664
24.434682333856028
20.880307490040032
20.96689728971117
21.25556476700604
23.54478561564099
20.492823053928415
23.19703514439044
21.022696662073464
25.479560517239126
24.85748412501112
21.493371922223623
22.046249792032242
23.167633514369655
23.206625517172533
22.20890176394014
23.480238813856317
22.47944203646372
23.527120140828252
22.363959809926087
22.471029057140303
22.719731548787877
26.641968338683498
24.925477429424117
23.218192655608913
19.661695767176216
23.26075525273766
20.518623342757024
26.240980896237453
21.38393135044866
24.593671336697998
21.24281499419813
24.599563517829374
21.42490933925881
21.937387060425486
21.471766214987614
21.10322561507807
23.971986625329567
26.322867821639424
23.082310115190314
24.74508185140691
21.281700513638604
21.637189687154663
21.264601992698843
21.765782134600745
20.688223869462902
22.494718947843673
