24.523119207014563
26.31731860568729
24.006978673064527
24.794324408796644
20.906783334051415
22.954294188610795
22.895295202602913
25.371491534368477
22.829965454511346
20.45470005501498
22.35171118302835
23.653468922369203
24.767067060994073
23.59573151816131
23.251661347696256
21.12052406683116
23.1596219762463
26.384936575434345
23.718996788547017
22.29871990631161
20.718924376396792
23.27616447409711
25.188045425326084
21.604347832084667
20.991123769140493
20.859746314196354
23.240442026937842
24.932437888037494
25.302840789738813
23.57477066512211
24.085328918183063
22.90733092207661
22.092661314155418
22.766825806624258
23.826135154854715
20.95625011571884
23.87951466574374
23.01979885580319
24.096465773561043
23.29242797500279
20.731319394174964
23.799855252915734
24.2104442475152
24.15633242938746
24.420297295152984
23.092832874989945
24.32574857978658
22.07371580831558
24.797914327346398
20.028473025814574
22.62934176757036
23.48187075315616
23.400096063415308
21.018173732905066
20.865231222970884
21.803306083661113
22.503227625602687
25.360601843891573
23.60365368606237
21.826247575503476
24.8303363955257
22.634001791449055
22.648392407556464
20.198381108207297
24.49654421072258
20.073622094445707
24.548603726091258
21.99602107821638
21.303305447866084
21.312795523525722
21.42309589036647
23.65522956655035
21.048923354002657
21.93942798657192
23.603828556557342
20.76795586826258
21.906039500388125
25.04356514433409
22.900469721962654
22.82472079333442
24.168427274321107
23.432851699487827
20.3133980903987
24.41624975740927
24.113781180320963
21.849687590795163
21.700624610114428
22.26574297551183
19.292524307126214
21.3460928193715
23.170872805506175
21.33163249909696
22.433794732626538
23.429218274721098
19.43400440423496
23.408406356759208
22.301285744276804
23.29281227674596
21.57393042413746
22.16502738028243
21.044704542248844
24.701901965457562
19.290893551781277
24.923356285273385
20.584388763657557
17.54036504212781
19.269399614532666
23.969290506422816
20.638079489499727
25.48387785740843
23.613426637942425
23.32541718500358
21.514437150621916
20.748275316010456
22.009415270716
23.552284516581576
23.05519844780468
23.123566140913454
22.230729224711034
24.95784574585818
23.93460494841106
19.951022030676096
21.514663356207585
21.725199850006845
22.042872609307924
27.6970407515416
21.250241642294576
22.48184246761601
25.188377430402586
21.11486996152719
22.232090221435
20.938334280239324
20.616562388804557
22.96660971938255
23.80947312314805
23.15999638605022
22.833957579036436
20.69719064247603
21.737901335981938
23.225899619685826
22.773101846038365
21.725539903651807
21.69328164851737
20.426501201003756
21.687636791429075
21.662972416910726
22.747151499278363
21.844023854933486
23.428750783315962
22.468117378798834
25.548631677951725
22.979032413665088
21.64860823512389
22.313299756465266
22.40584826913753
24.8334057171354
21.9530825653262
23.53505209403374
24.90925959912597
22.866620327525116
27.053001649776718
24.74350509264946
21.62929085227328
21.58000228783503
20.264909911747274
24.38869100403235
20.50347999861438
21.654700696336292
22.477796149255557
22.338389752544426
21.834721817937698
20.119529831938245
24.84271537469431
21.49053683305033
22.674348277687585
24.1102878406462
21.9799270195165
26.005191526366488
22.90370255134569
22.921014952855458
21.941668557608953
22.556790226055746
22.354201582337545
21.79176175645546
19.398399734799966
20.775333227137516
22.187578904914602
22.633670051501475
24.632654507645306
23.860614472216003
22.039608686463577
24.482984452350365
22.385053912600622
25.192528936521665
23.18530685983407
21.785578967349487
22.790718821038624
25.19769431458288
22.469401739689953
24.019272230436645
24.556400433180983
25.44380687994802
21.470046009994007
21.90693214473067
25.227108351671045
23.630575479083166
24.213838167967655
24.986011392322904
22.70592308062104
20.785809034299724
20.470720268705783
24.99897672669337
22.79816501365805
22.574812141579386
21.033051414496853
22.97628322340631
23.77470261378675
25.067997694018622
23.51764809568024
24.46975926023077
21.936233768276963
22.593588188812824
22.55492441546187
21.550548343241665
21.627435548245767
21.885698226656046
22.139132724167446
20.632312034981506
21.32834455623685
22.82835873784884
21.500745034480502
22.730280071494068
24.317419839230197
23.310068813999028
21.259187161071303
22.29862661987835
21.355154893551713
22.094941134836525
24.629003370266865
21.941536242597007
24.56048212201373
22.781031657687755
21.165602880272836
21.94607653248405
26.04360610650223
23.064552265613315
21.075347206880608
21.61730211956637
21.911477404653823
20.370594744984086
22.86058465670462
24.248095575297775
21.711222481359737
20.39323866953621
22.510434902160227
25.224466996088438
22.836323591070133
23.29021656265929
21.197726920111762
22.892571114970515
20.295099119914486
22.650166341764475
23.680089613431626
23.203671047556924
22.52382382756101
20.879780523759774
21.627098767368533
21.425767365361992
23.396093887925787
21.571659144897954
22.175972658118567
22.267521614782243
24.545811554272444
19.23378598363187
23.231472318212532
22.307339947163126
21.711017849243728
22.189160195848185
21.53954894844149
22.20213217331229
25.31327692704858
23.584912470692753
22.607882779006562
24.269302678244333
22.048424018304317
23.656358315455073
23.593116221835874
23.214559519335367
23.079277421004086
26.623710213626776
22.729056755665127
23.113346504832123
26.396555300686696
21.644000235645795
25.078844303275968
22.227279127841932
21.498053765237444
24.046817767215792
24.499770322209336
23.49292840930865
23.12040761732444
21.362898313144093
21.37971441055257
19.757163990909017
24.384943432233367
21.525512791614336
22.372988206779784
27.511881821594773
21.28616869960095
18.870029233433147
19.39560774987213
21.89790342668408
24.667556908423553
21.858249231142437
23.041388798727827
23.17578225234592
26.604864868020552
24.763481487544325
21.977077992870687
17.277783023597785
26.556906257772365
26.22533888896191
24.267107910591
23.795387478906317
21.24991274001106
21.525854389490693
21.358799488949963
24.01781327658706
21.816612274493636
20.97708326563245
23.077698297370205
19.343197348262922
24.09961571637348
20.46086700397987
24.94582398919138
25.211026234051506
26.017259507939155
23.813575983778637
24.712417723867027
22.70227430749574
23.90796130858735
24.408840218612784
20.574850851543147
24.0166612070143
23.88664307205938
20.711923558701912
23.670906182578562
21.106193915333332
22.569144435701553
22.863828450095284
23.447939925155136
23.754870262187836
25.161475052254556
23.410253621176814
20.99800340604919
22.192884121777713
24.246802477162653
23.934524843610134
20.0162936264044
23.914943100968912
25.027920664245187
22.507743599618014
18.308717438619663
24.248681807412968
24.0892134222964
23.33982602223515
24.85846749256201
22.822669326847723
20.07816062271934
22.273058779371446
20.692449977011076
26.31402677673879
22.36975852935528
21.023941142077792
21.973216763718952
21.74165428298733
19.834050032699523
20.85230869363927
22.19909436764408
23.896879347361466
19.698194108301358
24.49219603681502
25.352450495309263
23.051848805950133
23.070743009998523
19.795748876165188
24.763456068713698
24.547170514237003
22.99892861264652
22.02505514469714
25.47297878600684
20.79218447795739
23.33520944146438
24.765129782726266
24.146445744338145
22.86514278796619
21.828088405855457
23.00206927799248
20.0514086294849
23.34294212270074
25.79517657515638
22.06735833430983
21.952333418714346
21.244381934964327
21.961153115448777
22.422092032605313
22.280536338246293
23.59873669030686
21.292199623535783
19.995515508347584
22.25087404987008
22.424630961557423
23.145242162496135
22.424239972107422
22.082351316236316
21.083716208174867
21.161434817172353
22.54294589354096
23.205167177662577
23.938132667644894
25.132768334261712
21.449976543042983
20.22308049888897
21.60577177286524
23.526535072545766
20.211956149238986
20.40445427796837
22.43503907461237
21.576945452636114
25.767463941586655
21.26751279985533
22.51318311328668
25.63419344161492
24.54752599558993
21.709102891948564
22.61016519432936
21.250316762243468
23.846581587859497
20.4711566372036
20.793606664014273
22.937505464976443
21.644023029962657
21.419772652825788
20.733724650685115
22.66335894669435
23.69246532915178
26.175728844863738
21.049818760143815
21.57693817815771
21.015336394573662
25.59768722850315
25.29743442975604
23.99486059150132
21.989131294615024
21.893832498164542
23.145166440541317
22.33243434837102
22.68292079977742
21.850061710134405
20.273339884348996
22.53166547478626
21.091387091755298
23.99182872070207
24.7371628242035
24.207297591022513
22.33909028542
21.743247472473318
24.954915810893596
22.572189242371206
25.27570589541964
21.672122192432308
24.140950731495963
22.439623142961945
25.757445475669112
26.960025534407595
22.262587826544777
24.532179504857893
25.29217974400234
22.382506585080023
21.802011117763314
22.620353358067394
23.386043186319483
21.109802686883256
23.354193261078155
23.26672611348393
22.402508959198215
18.695518317166872
24.475300305115756
25.129243554916773
20.793739931370887
22.66929955541708
23.966695382360374
22.312639293601936
24.61177841601136
22.563899538775924
18.904858604014983
24.66240354793321
23.4305633449143
22.88794015604836
20.22265709354068
22.324831665360456
22.528861219270617
20.928968687759596
23.33557180936597
23.945449444605533
23.61963584877466
22.48976431616856
22.498646886420882
24.022313542536345
21.932083499506675
21.48794787030776
22.809975833458736
22.3678526615656
20.59475555459905
21.480123842430206
21.710452210655102
21.38447922459463
23.199428299479244
20.439035767999254
23.425715772515098
26.103155541361936
21.518044212517403
22.67818621779967
24.691246023197472
21.415077888248653
22.778845418534516
23.68350629996211
22.61155549875013
20.91356802652468
24.465929383079512
21.12554771063343
22.415937990017362
23.62981259958373
22.636249031503052
22.090565832369023
21.725823225481292
22.942270914602233
25.081222384655636
24.584198375088135
22.911407874077042
20.99954075642691
23.5258618030716
20.995780184707183
23.709366521836106
21.461332220416605
20.89629568797394
21.65562507994806
21.32506413311789
21.516056005609308
21.80799078508613
23.145325682762234
24.774486252814093
20.698124518227253
20.57271732797903
24.52113242685335
21.19240869593787
24.659156968128826
22.159397956678
21.50911916209512
22.842991947044336
21.69619975120762
21.147757543710433
27.23158854916064
21.545444178866198
22.87456849027615
19.72861918705728
22.889139810343842
20.6038066925655
21.365984525096582
20.544264889219672
23.049840649012644
21.700246853580126
21.955712571167627
23.94308352685703
22.65571155323552
21.237580685949144
23.098961602750336
24.083320274134646
23.878128591148045
24.686111092564136
26.202252878201346
21.271884970258572
24.962604635999824
23.79841404486321
23.18440576684091
24.088010324691595
21.440788019407716
21.523064545155
21.66906148630609
22.473634644562384
23.041372953284977
22.37802811494068
20.339700736791244
22.004547313630727
24.454417022626558
21.237211027326858
21.904556774199563
21.935031824325023
24.324627088851784
23.11864547678347
21.381026810375108
24.65446647330551
21.155116710035976
21.69218122260154
22.408181281107623
23.664138852711496
23.398318304619266
23.400406842866133
23.97563565219353
21.597247583972713
21.923509052885674
25.071703462889694
22.535700723753646
25.19420685536749
21.412188272645864
22.133206932614364
26.43703193068118
26.8776443756572
21.336211953144534
22.35019854780963
22.653523582664334
24.545510645099554
21.869850681384342
21.488360857767212
19.754847104437196
23.324971832459543
24.550653105548644
25.17077426078937
20.88057430326903
21.004190129258394
24.089746566127907
24.266616654690583
20.41335453162976
23.89148469246956
21.450193653841154
20.039072640106134
23.205403514415835
24.622800309066488
23.22361642867856
22.756363809847493
20.999342846839994
21.81377181009498
20.339210062976917
20.649619956642052
20.40686928861843
22.527857533747436
24.37712875945945
22.588754728815232
24.059362817084565
23.148496743248643
23.361441501048766
25.90728010661323
20.632033035723786
22.414227475195442
21.413169398589975
23.384731562913704
21.447608635230786
22.778256383260157
24.473632606748755
22.625016311200262
21.68027495515525
23.197018878024195
23.71963685414361
23.190279093146422
24.47844913898009
23.532868890773692
22.602136837273548
23.8591761434025
21.019165695005764
20.563308741295376
23.132955645389966
20.46873759268793
22.644805735285452
22.806279156765374
24.760185263433115
23.841026980889637
27.561413741657585
21.668988900009786
22.767645799787367
19.53778050819971
24.15552173944063
26.613228993223423
25.013484171944192
23.781751436397794
22.397352425407856
21.88836906839794
21.96842313560194
22.459404624537473
22.850573969969293
21.451416369656492
23.76050154670707
19.804929088551397
21.454454061470518
24.350472759752083
21.241617282961574
22.565774144029128
20.762501879991586
23.122074450234237
24.67719059319858
19.36967995546985
24.94433289944648
21.721186874065307
24.997466229726022
20.126481346457147
21.70753352987659
20.802530557823076
22.407519336830237
21.042837718077223
22.349106276441393
25.730206727685502
20.08564516709871
22.71738794300586
21.76861960011913
19.016462920497403
21.908664735419823
25.15904586461921
22.918155398766814
22.625165670159312
22.071037717794088
21.832887397042192
21.21801609793743
24.68377564691919
20.55198414857089
20.636555952683743
20.811212108476774
21.255674765971523
24.380564797174067
22.75220106886785
24.505203706626673
22.824580210664642
24.66365410058519
23.604811124466224
23.41209788818772
22.537372006036957
18.350706033731285
23.4089368283583
22.30577406861704
22.57048428734349
18.79187899155541
23.616243677114984
23.008891042498348
23.960790400995325
23.829808133528363
21.21705391981391
21.73199221363451
21.306752060550814
23.886407795481805
20.906278088797894
24.31763180348364
21.72734295271567
23.722955529238764
22.653797265140625
23.02579684763722
24.82708977336766
21.959993864634523
26.29737707466461
22.181653068557353
20.700480534241102
23.946616747737515
21.544464191714297
24.29958346236119
25.845248082436324
23.465655634625247
21.206000207062395
26.44396897657384
21.90910515193218
22.7707724152671
20.35298465342929
22.605378354707344
23.65846552324297
22.740439371664834
22.661508254405742
25.686062296338694
21.98696284185756
24.516743437034517
24.675259610327252
21.229853484891517
23.78943601029137
23.015924707572267
22.549139351716182
26.396972246190025
23.86593995838206
23.8738890361731
20.294900925962377
20.889817573096053
21.849928087785354
22.269633250923455
25.519336730376075
23.287687403130597
22.148691675311433
21.38137197542783
22.22624301514733
23.24277071441409
22.05564935323488
22.191053903663033
21.573587697061456
21.871942454569023
21.040684183440547
22.699240383411695
23.638494850910533
19.06030719589564
20.99131380054189
20.15526797540661
25.052454571915924
20.632123162423117
23.397471743347715
21.255101837064657
21.820769989533076
23.62274649450976
24.295663074463217
23.588679489447806
20.134632315675518
22.824832807037804
26.335335638404455
23.15010111146962
23.841239844289003
23.619430038291892
21.507989908409783
21.99937857217614
23.52150698257865
18.997677617272526
24.272254693197134
23.887441586862742
23.35694870781022
22.972756104015524
22.538383887512133
22.56019951261196
22.559693232014098
23.598490608521885
21.108174235778986
21.920061463257227
23.502403236460236
22.73695401963991
24.20921817848188
21.043931383556334
21.92094462569414
21.896920976377316
24.69816244361968
20.101200771510484
22.359859542615897
19.811752559100594
25.291766625173977
22.412158515380103
24.138592628156083
24.050879129458398
20.390414496560123
20.01212076991504
22.454566199749614
23.15482056079017
20.864098959301252
23.077058042214006
22.48066189815659
25.00591834446116
22.203117642723992
23.11733477300309
23.93431055114875
21.936021351803078
24.07310574395107
24.65963700585264
24.34823018320689
23.388738796360627
24.312892922363055
18.81413912637258
22.36634002232837
22.936095465047888
23.815815535328827
23.15969055018843
22.10346636687915
23.43094093035207
24.526368259249168
26.886577201070313
21.254672211497528
21.60611604962706
21.449541910222447
21.83987065057442
21.086552699392335
20.98099108810691
21.474571037358892
25.47960533665026
23.178665124207505
22.251556784819634
22.399226805955596
23.499107781485673
23.13470124977138
23.43543292687214
22.777195407705953
23.52620003970759
22.460060251520733
23.893619126954604
23.36567971188923
22.709352807098465
23.94059238009847
21.76336485786645
21.64274152426318
22.074850745907593
23.596415562305634
22.438611099732725
20.610555166187922
23.010950097678144
25.314098240673562
22.61574148508114
21.02698995578306
24.200052691264013
24.548476016470726
22.59473083828073
20.378313692764113
21.63227199625882
23.34997840144545
21.000820794212657
23.510390088582803
21.232040807384344
21.242908799501734
21.416177239408317
23.825909281815694
23.57463955179811
22.128619293667327
24.969951240513762
22.639620535019905
23.218603033043177
24.34950912668961
23.249450944163062
20.509014624984673
22.683109686000503
22.04327118643931
21.797283512719147
21.93961725795759
23.13941253701203
22.959484882738472
22.11074271621575
26.42300901043038
20.757915553708543
23.716009243309003
23.50445747101001
21.262102180688963
25.832353575813425
22.097802568827085
23.442133035948842
20.4213309906629
23.49552813808259
20.372598323798737
21.566902972250052
21.46899251919669
23.869798711030647
21.17268903201526
19.68316548943475
22.540031194182802
24.45715886590771
23.18840707853193
23.333947120353628
22.256365485381693
21.97582599361192
23.45914331307392
22.29872333308459
22.8526569866526
24.387471115305082
20.967663525109316
20.991465993076083
21.34077872013121
23.47048149468209
20.529502767283013
23.189244079976756
21.078904602617197
25.428611871705815
24.78534519243166
21.471980847643934
22.127882320147222
23.149838247986075
23.18245818653547
22.24942621555393
23.362481319144642
22.507656810498734
23.454394579597498
22.40781714961348
22.53280583434808
22.713587673616978
26.539329795539633
24.942877140717403
23.315678739765705
19.719266637874885
23.20315138133107
20.607937146080012
26.13225607638838
21.39723947708354
24.5005736028692
21.261748554818627
24.578095614495464
21.443427267039727
21.998750599890144
21.506072733246814
21.179410907594956
23.933256411157316
26.23527253347702
23.141786880251868
24.675293998599077
21.2969962470715
21.61008315791437
21.254711912922097
21.74649912535012
20.796879059209
22.46095231327556
