24.617219835530083
26.341899747082934
24.065694317640258
24.878652898967044
20.972112292402056
23.02855983023354
23.002316756652814
25.435139074939514
22.84590008071909
20.552417098986975
22.421610513643113
23.70950902474958
24.83672560412137
23.661595779331005
23.346588685421626
21.139829436894072
23.233073245955566
26.450294077187134
23.767825943695996
22.358820508762875
20.758023500247702
23.29413301945505
25.242275663692705
21.64590135809142
21.041208483465358
20.912803039700403
23.33468409382941
24.975682518495915
25.371100345829614
23.628454750654402
24.113988981300864
22.976629304342467
22.166563731196238
22.812965776555416
23.910486113245582
21.035918694834198
23.95762784859232
23.109820866023995
24.152621955957382
23.356078282899766
20.751843736764624
23.834787737617667
24.214266326012172
24.190816444444216
24.50190072014727
23.123347416398943
24.402737493907857
22.127579954718023
24.885397081214556
20.097249809774617
22.66019283333948
23.507535714078163
23.446904335979752
21.036021538343128
20.94324625224171
21.872473953102677
22.585156851752362
25.436137104135284
23.68155934576061
21.915680168844208
24.90511799024173
22.701571987559475
22.728676277622398
20.28790325055477
24.580429434154862
20.152040573149943
24.584998462004023
22.096365928573185
21.376895141822448
21.391323816908322
21.495591829799476
23.68729130264686
21.11382526177305
22.006446570869734
23.612438418106777
20.790750775754095
21.913485606495275
25.15614586211881
22.904612102228167
22.865995491265647
24.235815995643044
23.50397905210375
20.387723780943954
24.508892754109386
24.152824189541082
21.877505434237854
21.793347970887112
22.318558020908984
19.336685498113816
21.38101527873856
23.232175246721088
21.375799557843287
22.479260132507246
23.50017066778112
19.44323807766984
23.484213689981644
22.305626808710215
23.347833236417475
21.674466314474888
22.239246693361277
21.097626376875315
24.766158329547565
19.348409451063855
24.991059526179342
20.670201925446584
17.560795551371196
19.281130879410348
24.01380223378379
20.737186059063298
25.565285236865588
23.608067456085433
23.3614786677739
21.555573351399506
20.798708958481022
22.063055609925957
23.660208891971266
23.13043013697536
23.14893582388161
22.244783668477407
25.018185887233187
24.038087882815717
20.027858916856772
21.542691195745853
21.787165280901817
22.08464176738273
27.76200728963884
21.298253854720993
22.527904546593057
25.260639099677423
21.135125542278878
22.306253782250238
20.997275558428637
20.674613062069177
23.03092949932479
23.853499276288865
23.233961150686557
22.883527764178922
20.725204575173407
21.812954110120153
23.302566855215908
22.834935444135443
21.795039230388678
21.73439687286629
20.493030136646865
21.769556584603457
21.74566989240894
22.77551123908786
21.886907829666914
23.53468435522196
22.50246225565924
25.64485682532193
23.053896762073766
21.700272298423783
22.385341331977237
22.44356132767906
24.879652080652807
22.003313577285542
23.60698601767141
24.992501588288416
22.919117523330605
27.093186858606018
24.80291449710689
21.6879553410326
21.600442551506113
20.29653140302481
24.43935471053458
20.52678270492261
21.73098907791388
22.565133376713117
22.3866493644764
21.859500066448746
20.16642720343201
24.900297329573295
21.522609329918055
22.73855586262708
24.15547233878534
22.005146708324766
26.101635933864053
22.929629169463347
22.953379414752366
21.998193481481547
22.63649703425846
22.391423981469476
21.832667872278705
19.489252255307388
20.799564972987806
22.240581842274196
22.6831741722932
24.660090329004206
23.946427234104352
22.06611536481841
24.52008434921842
22.373218629378048
25.250071934154438
23.271247256104697
21.873245195836056
22.86589247271702
25.27750526425513
22.554397178001402
24.057261225014884
24.668594731768014
25.51836263221679
21.51837506297402
21.922879440155278
25.292713613803222
23.647946345654482
24.275221335097697
25.080791361738793
22.750231216633384
20.82734536990265
20.520799744059037
25.087137801548963
22.866694103756583
22.65938554657731
21.07741031152183
23.02961642513932
23.81083046441645
25.150581033794438
23.5235644054398
24.53483295651274
21.949957797117968
22.630384043046853
22.610064704115715
21.618707840432386
21.63908589944209
21.91801089493491
22.17333850704906
20.698005811740984
21.380404385542654
22.904493892769253
21.588732245769922
22.76909834636843
24.395081845511513
23.319081857213348
21.295125395449464
22.345343220966143
21.36064496069465
22.127432405197094
24.71312493409024
22.021602224976384
24.598394721130845
22.813662329078348
21.234290315068968
22.01929384114008
26.115400989626682
23.11494872721652
21.082613936897783
21.69202033178627
21.98704253996132
20.39438104896497
22.932081840727008
24.26919489672464
21.735836952360373
20.450942749180836
22.575081818246815
25.260230008360157
22.86936769287658
23.398106595048255
21.239501462458527
22.928849926523046
20.318133307929017
22.68488360849617
23.697681732351313
23.253902563764278
22.596581315699837
20.978216259269484
21.691518913680255
21.526570745119738
23.470907188856675
21.65615714837036
22.200345961553847
22.326416413570126
24.58197600501995
19.294179942085332
23.307194608451383
22.385390416073022
21.740532340181552
22.276770344674436
21.5542097722178
22.237502720766948
25.39180508928671
23.646635995832135
22.64842789359559
24.301356193285194
22.07886228747484
23.70381709633973
23.682378482408517
23.271829775172304
23.080987133903825
26.680030684215648
22.765434443504414
23.14844071361409
26.44139114595332
21.718580487164264
25.108869335904977
22.331779042264703
21.61827315572394
24.09778925334784
24.522804294558245
23.533339885963777
23.1717981170439
21.41880746282548
21.455725322976754
19.850838733856207
24.44503377442602
21.589608897294802
22.440014956378878
27.60831850257765
21.329566563168893
18.910922474112684
19.424675555846587
21.926338142527744
24.760783932211474
21.93156092690045
23.121719707002548
23.24445567152619
26.673470794105995
24.826262610501427
22.0575213295135
17.28440162668045
26.571197004952154
26.263694139118375
24.27772855601548
23.84008828778066
21.27102991485699
21.555164633812936
21.405890526652747
24.048056547123654
21.838059565149848
21.078721805675485
23.10267999472885
19.37157845680509
24.113511601934178
20.491852957017173
25.032587444864788
25.283056098911164
26.047481443071685
23.850142093082443
24.760608330012552
22.739407943024208
23.97774581925289
24.46651659572409
20.576750978750585
24.078191286263536
23.90837957635494
20.778076190316884
23.743788331839493
21.172541647647446
22.604872291498072
22.891889212498537
23.47359186757142
23.780686407964723
25.236862750568967
23.493962246612615
21.030041901243138
22.232025057017186
24.27215014897174
24.007803571934506
20.075791118162275
23.984928767063856
25.105185464012802
22.581532659710938
18.31848577932381
24.344267101664716
24.178423898744732
23.371600490785294
24.916182604965005
22.839971010654622
20.082049504829207
22.32434926935796
20.72876983836022
26.398211132463665
22.428947122052907
21.05281851179871
22.021459128238625
21.7795154115651
19.893871395957248
20.861189549992112
22.265969845571657
23.95155204372347
19.761626048447283
24.544636789196414
25.413265248810443
23.070431293053815
23.135228457567003
19.844608473626387
24.812599800758118
24.612514447807335
23.091300173780436
22.043825253442115
25.51369895845191
20.82001650308697
23.385585516076905
24.784933426812103
24.205580963289012
22.891835182037585
21.85994618645385
23.108174057321175
20.092669883630627
23.412572659214167
25.890053243336258
22.152635324306967
21.992823593354224
21.327843624253504
22.061743763619127
22.53329392826635
22.30814301899329
23.620321727247433
21.30136106418283
20.01708121544398
22.308342909031726
22.49749340851764
23.20940105117998
22.481209452689548
22.10607890259649
21.104797803233986
21.177914832575773
22.581532918201205
23.241447781384927
23.970326367236122
25.200760588590274
21.469520617434664
20.256464612126724
21.69665190042612
23.551578705084523
20.298708001953333
20.471530490112876
22.45199155111246
21.655924154345566
25.819795653451397
21.341697675870407
22.561816877281235
25.690281302651623
24.619941233995103
21.732680049149838
22.642407711687138
21.30356872781077
23.9063358449907
20.509577128289294
20.839394838277755
23.018655873725013
21.697165325942937
21.469919476764026
20.802735806485504
22.729780208524357
23.71506982723319
26.1967877477391
21.117227844371346
21.593617418785797
21.056274881224805
25.673407593727
25.385267401528015
24.056965189741717
22.005674589946086
21.971026875382933
23.201609532763978
22.382846116654683
22.763162550414666
21.87368976072586
20.321300279462882
22.616760469326273
21.143056784326927
24.0804190167636
24.79776416510629
24.209589712069935
22.41743939280203
21.78581855626015
24.98734407953612
22.667186817786614
25.35833336823054
21.71535008718367
24.195047697063323
22.46474732529554
25.789808856333977
27.010636488966647
22.29303673099556
24.583619807683018
25.358365710881895
22.428562436979778
21.83459640050992
22.661644682903887
23.450392800918657
21.187221222300412
23.36481187097744
23.359471705262756
22.461791242027736
18.68339383616362
24.56529535998879
25.15568954743953
20.84736312161633
22.763270488369702
24.027636928649468
22.335476537324094
24.697885040623127
22.607609855573756
18.9248626975897
24.745770706005295
23.48213833334839
22.94235019332009
20.29957228355085
22.37804661943118
22.581033212773587
21.000088338927807
23.388920158029148
23.977947979769116
23.69656089566103
22.530671394590353
22.561506090828217
24.070759569409326
21.984801539262563
21.532833188153543
22.837422252651525
22.379366890998877
20.631762647525477
21.496782809210433
21.73788048400255
21.427975199633966
23.222768255095243
20.455842172122647
23.52320487042156
26.167594671027977
21.604289558025467
22.686364259324055
24.71764130059339
21.455861692531442
22.81628573322726
23.74130509390931
22.72061750055679
20.952688300270587
24.535590655331582
21.1447179909452
22.48938074270177
23.71292937429457
22.722347862554333
22.142993066619773
21.814782806561727
23.01041750605329
25.142302550634653
24.67262665580251
22.955269675842768
21.06530498969583
23.560300484465706
21.041346941926946
23.766976967169278
21.52811374429215
20.983710801033418
21.728071974461212
21.41068043936541
21.602614859433423
21.883029763422865
23.189924992984018
24.811862773064693
20.727270467405386
20.598975256592315
24.615330641688214
21.2688971734628
24.68817999023088
22.186484660790136
21.54419321394197
22.873471220418168
21.74028287857258
21.176798578600497
27.291224332412543
21.565559492448678
22.879776759110808
19.756855052824893
22.91985224508439
20.668620798399804
21.40056592774879
20.587503061882906
23.083939147307383
21.77730998268215
21.998894882545876
23.962181130456855
22.71644257739695
21.269314870079278
23.12635515824622
24.141882181283783
23.933017065497296
24.71812575588639
26.275646890845664
21.31100139981913
25.035150051792023
23.829511922841494
23.207773363372954
24.16649418843413
21.500958764203542
21.608361313576836
21.74833618849858
22.533449502230685
23.060575996737885
22.49265544780841
20.392363547462093
22.064369857744804
24.49632707832099
21.25002307148505
21.951673516780918
21.99232231561021
24.391090083906285
23.178784568287984
21.47236476269309
24.735218762491083
21.154896953269397
21.711929170726215
22.45898362924135
23.731668230262123
23.464703370897436
23.490783790313674
24.03181585018383
21.63574980285246
22.003421333456757
25.142444114250615
22.540954749698745
25.253630762272362
21.479890755241392
22.21729407095553
26.484749803137902
26.923053151700405
21.4143826961445
22.417514822153407
22.680439798289214
24.604573527117772
21.958838530909283
21.52564297865654
19.822729217060246
23.361262207466986
24.594456522785716
25.236862284252794
20.941433365431465
21.035805980044707
24.194937540696316
24.346877616917748
20.443123938924302
23.9383866980235
21.50034674039919
20.112765055022365
23.25723646473688
24.698402252647604
23.271677016132802
22.825132475744898
21.025273677958747
21.853481190939224
20.379281225978136
20.691257152894188
20.431508442195696
22.607087738260493
24.45733529792161
22.65850431685411
24.15629000257132
23.187333911137596
23.415771644196255
25.98492486023654
20.682994071672187
22.403890307087643
21.449166176960677
23.44995392408668
21.455250945710198
22.86682325203183
24.512727410515254
22.715112554518882
21.744379094658118
23.233440312802216
23.819977662483844
23.253967823542983
24.519701655215815
23.590187296005624
22.66749716007345
23.88718437802139
21.0645539285837
20.621316346701498
23.144354461418708
20.537803731212083
22.709609405661123
22.846762099288874
24.785803200177973
23.86065836368013
27.638107947845814
21.733461397389167
22.826055347789513
19.601437422590518
24.205228307192264
26.683394048446218
25.077751792676445
23.862006727373508
22.43312109336089
21.939181481049676
22.073634749572335
22.544601329656277
22.8899087900936
21.517489849327795
23.811126999038077
19.83599462841584
21.524714546004027
24.430452554762873
21.299367515117634
22.62276742018385
20.792388053158042
23.228303321564525
24.721232641620517
19.430772626086863
24.968325616774415
21.740762816079638
25.04424421456751
20.195456779562466
21.755158560424498
20.816063782837702
22.415724031648093
21.10495733234295
22.409086586090574
25.745888815962147
20.11059495313909
22.77763686604577
21.818593351499928
19.081925361763513
21.945923819485607
25.23838756957132
22.977670686911917
22.68190173783652
22.11923698606469
21.854434490576693
21.27554667490284
24.729172978769274
20.582302416735175
20.691001051243582
20.84619285041418
21.329137292473177
24.440455496994147
22.782703534673818
24.502863042702145
22.88618365846357
24.73902475636667
23.648890923983892
23.474464138994467
22.570863466882745
18.421519734017718
23.521449797719317
22.35640157994338
22.60392615632352
18.807010575266244
23.651357896690488
23.06059913073685
24.02489177632595
23.897406377486217
21.283871465286282
21.802208560519198
21.356053737705267
23.928826642960185
20.96531544743582
24.41954074023748
21.818851614864396
23.76394513598106
22.72719626035239
23.103419234950927
24.91966928239414
22.061284705421198
26.375539990913772
22.250638425633454
20.77992219102313
23.975008788422045
21.594903136630936
24.38553806114144
25.903227281692274
23.528960212807426
21.27838523556311
26.471714265924216
21.948204048578887
22.853650079964634
20.412089093777666
22.634857748761316
23.755431154438547
22.74920242260636
22.723213008523857
25.702819269126927
22.05137630116127
24.55300355245939
24.727723269651992
21.278855569566034
23.84520480203237
23.0627881736642
22.60955703105777
26.452616303158067
23.96368867601162
23.936396196397393
20.34416534916277
20.932094780614765
21.907667988434227
22.364015981183215
25.58217919755433
23.351807255005127
22.227235066360578
21.444981395614757
22.30442910854962
23.26998776971041
22.132801257486182
22.260047139062113
21.627812376349834
21.94325758143742
21.128606927532804
22.729391577185257
23.72315820475734
19.126438869807274
21.075589952229148
20.195272475377237
25.097438024606948
20.73595825990051
23.51270694481479
21.30278377292032
21.927294726237474
23.69533601355137
24.357490698854527
23.65251904371791
20.204949470115416
22.87692534903358
26.40019800099288
23.22487324595167
23.8916160598069
23.69922810991164
21.531377971245874
22.094268561581583
23.603298722580124
19.026334597952435
24.341900441049276
23.98583444294254
23.432565073692512
23.041324328128262
22.61462156651163
22.58814562944928
22.58774189780234
23.693213803320678
21.187965096852405
22.007094526191093
23.51948269471416
22.81364289110832
24.272143549058576
21.07807014985528
21.979810243025348
21.926077942117526
24.779035696935452
20.170143701226145
22.47706491130654
19.89483598292975
25.33335926847185
22.43575836953882
24.158947746906946
24.05437127399376
20.458651308381185
20.056055612121384
22.515639043682853
23.20930316991536
20.94927104120289
23.1204547320889
22.559980541192353
25.048533872176716
22.290028955877734
23.151900784597494
23.972125173711166
22.036082291936854
24.086954597792783
24.75166242707336
24.408198864851926
23.422608841659088
24.386575309409686
18.835211299016102
22.458367997111832
22.961743358382503
23.906102474339
23.234864579840412
22.127375481015367
23.48290195697276
24.594756010805796
26.93183377842739
21.33596681521251
21.64546881207932
21.49073719907822
21.87891343007465
21.11138294380736
21.072597070630746
21.500871904821707
25.527694340297582
23.23605460828316
22.334270976658654
22.453085114284065
23.56599950466186
23.205002681835484
23.483615807581607
22.85372977104982
23.538247213229955
22.484034642630697
23.943547801487554
23.389696481506498
22.73982857248961
24.040178904650478
21.79238922625954
21.682074156821255
22.156768819702638
23.660844490087268
22.51738349377694
20.65462745683785
23.106230450826033
25.38166265190709
22.693354984905138
21.08755575225525
24.245399659384276
24.633276500910675
22.607796764238632
20.391850930916416
21.695714841744266
23.407546702963646
21.087716917013303
23.556289060080328
21.302071557646872
21.28545294406253
21.501428681864784
23.86968343885829
23.615897497486955
22.211830753265726
25.05500458372283
22.707734981557827
23.3100486694081
24.41207566326827
23.324017454019277
20.573532536712975
22.711518328388415
22.12441071763364
21.895964689666872
21.9718454913184
23.17778689373449
23.05267217492197
22.175458007078735
26.516675416417694
20.786942710090134
23.824346005494192
23.53838541613098
21.351372852774112
25.904283391330768
22.14854110668358
23.51128499430595
20.44568052362781
23.56620064907428
20.423129468677036
21.64436155337758
21.539770544923723
23.935695176467018
21.234986241499893
19.727262102333466
22.562781392466267
24.50770083168074
23.225070540551343
23.370958823430616
22.311368344484862
22.02766442982314
23.54643109746055
22.33040799204023
22.878793168284012
24.464216940077296
21.061786776673877
21.015039612678745
21.42796247594736
23.486995369382498
20.635390791401115
23.200800272328927
21.101380430263653
25.519242689516503
24.885343804440218
21.580491571913722
22.186183633940406
23.17221115938256
23.23053409774443
22.262722600840895
23.441171731612542
22.535891977108328
23.498608447043203
22.47521041929732
22.597253794557297
22.794216154925145
26.580404260227073
24.961040014772742
23.370176883557765
19.812473298421036
23.299008224482243
20.680942616688405
26.175193331783035
21.439771796273416
24.556451380459432
21.323332311144707
24.656283046758002
21.519781947789948
22.057780283848086
21.58065998551659
21.213961518894756
23.99038115246147
26.302332546622832
23.181564984565384
24.690053473324483
21.34633329476634
21.654449156361405
21.326915145683
21.792916200665864
20.831179990250362
22.47501136063887
