24.550476626011147
26.384815193050418
24.018348399560463
24.84799703248744
20.858610391041342
22.953022393651995
22.878600903312748
25.37931325564317
22.80058192719417
20.36617540343399
22.29413597519367
23.61064829618337
24.812441854821405
23.60111722260557
23.250765959660953
21.051590681597176
23.13669312086164
26.45516752597135
23.743403875366425
22.29415508973248
20.66426954871083
23.25122855737219
25.264601544662668
21.573324243223595
20.931507061721465
20.77718695474174
23.26922941715544
24.9793212976713
25.37360140738079
23.56993021964582
24.095616347412935
22.88461160399447
22.04912533473984
22.749040791866257
23.856817524031957
20.87180013674248
23.915873454645467
23.054821260130048
24.09783869564281
23.304860906993618
20.65537153388162
23.79421865898228
24.212679382853125
24.121454930177993
24.46846120811326
23.114436949410386
24.315965979220625
22.01166920352698
24.78697704915037
19.97372347893825
22.587514368733355
23.472498658087762
23.409054186860192
20.921428549107645
20.801567929633805
21.750315592175017
22.481677418436757
25.381683359230056
23.618276590999727
21.78953180176306
24.83091476063034
22.589265132483206
22.641013636980897
20.1573529177722
24.537687522284823
20.001913850108554
24.539629034690787
21.933254272767535
21.252132416941798
21.271096406233628
21.33719622643742
23.63411445875167
20.98816289683937
21.832031587038433
23.598303848825328
20.686571255567657
21.855184915644717
25.11382724865683
22.88307884420742
22.767597922533263
24.141700409336515
23.425863671670648
20.212552191721457
24.453973181274513
24.10475491039614
21.805388562435542
21.63790987560546
22.25244996168354
19.20639673910979
21.29181781340712
23.198391808279585
21.25470225628658
22.40740897549912
23.467040194472574
19.293456013472927
23.401386853110733
22.28366308231446
23.323820583978552
21.51349487187383
22.11682285216213
20.990315919353282
24.706187821967912
19.190356000891224
24.95732407215877
20.552444741964354
17.377584104724345
19.12032887105898
23.976758791494973
20.58541690806306
25.530145056814213
23.561233113502645
23.334211113484166
21.468061397180325
20.684753954781616
21.955779188372883
23.529786500582382
23.018817417352253
23.140932046774676
22.19478667921394
25.02365853610833
23.91697302683605
19.829505124408325
21.432621084778745
21.66203362340265
21.962504550810944
27.799397051543437
21.217951237779815
22.451104807481236
25.20828969694354
21.076749465094984
22.164977293308116
20.869026502569728
20.56910644753736
22.941745249587658
23.82562866287618
23.10545982013891
22.820365152603017
20.648612756940132
21.671338672139335
23.237837531479755
22.73619107056226
21.659737295981593
21.628247098446053
20.346889754814004
21.614780223956526
21.618615786801676
22.739539024507362
21.835265159813765
23.455274103650055
22.419525154844234
25.598493794015248
22.973246346446913
21.64048752201172
22.244318204853894
22.362808295924474
24.84595955105364
21.931079666569612
23.56695492701399
24.90826747744898
22.824673104924777
27.135450336668374
24.766017894482864
21.556332101317526
21.52844601839776
20.17239891403538
24.41942114599393
20.407158592313298
21.558649365529767
22.42924515481016
22.268401621855645
21.789604307334546
20.084171140350858
24.85414989952492
21.447271114967823
22.66714141212562
24.09608229419462
21.916658383350235
26.05825650108379
22.912700880702143
22.86746540704327
21.919841294046858
22.519386751465188
22.3184495933104
21.70168362196283
19.302034550484695
20.706973072578922
22.14975934491106
22.57591757902345
24.68419880777084
23.869698122498583
21.985789297949673
24.51110238907069
22.352077931551044
25.231901886257173
23.171398481044886
21.73461134680806
22.765417902930896
25.211891719450296
22.432729989303223
24.00227655001172
24.580840530345867
25.48722986703862
21.380007601854807
21.837347513215065
25.292285153119288
23.604514126526045
24.20679556625556
24.99418619735403
22.698017191157014
20.71565593316451
20.413752779236447
25.03852761197174
22.801815634468145
22.541866809462217
20.95257730289864
22.97366377098053
23.747621570080987
25.117588922154432
23.498287019199523
24.507178746662326
21.8604694644876
22.547353847157034
22.533592093316777
21.526531989536807
21.56787931239597
21.802029479253658
22.124839025259423
20.60082767326547
21.243427462343092
22.86993359560009
21.48560560257793
22.697581298802046
24.340896161806203
23.32718497022447
21.228187366870785
22.222085307146987
21.31525672342524
22.074438542500705
24.671335215944733
21.88486150496292
24.5630586216133
22.77702888396211
21.088991242560258
21.91969156888064
26.076048203891578
23.03876447657088
21.026480246836517
21.557419178460783
21.87547854228511
20.29436130753426
22.85013641582941
24.24150826774715
21.682230447639505
20.311587010003386
22.492807706537103
25.274178336378057
22.853231657372493
23.35354657388882
21.140102925692307
22.867559115730117
20.226356878023186
22.648631082413477
23.68884862432469
23.170169264596964
22.48076734708526
20.7928759403522
21.569953974584596
21.378937103930546
23.401121381137035
21.536966922763952
22.150900422363264
22.228405819526074
24.572777428648457
19.14171864911474
23.208871086910563
22.273732232794284
21.703866029750802
22.155840085137186
21.49652433872449
22.177929852189195
25.366215373088075
23.589087489990657
22.55392597337234
24.269416771403314
21.99875625593784
23.607728014319346
23.600021669293536
23.205444101424817
22.997600506641486
26.680948504190933
22.700731369736054
23.081265370585797
26.448696974181864
21.57878247372321
25.081450972905717
22.232152076497606
21.47742459323614
24.102694327427134
24.532575939949442
23.455190376137743
23.10461606059105
21.307937666490805
21.310671753273184
19.67406866981912
24.379475479320107
21.478192317496767
22.355996005187656
27.586852254996057
21.19635475111808
18.728485817316315
19.310600566827276
21.857768426157026
24.72116952252125
21.77023989201865
23.041382840209327
23.19848003219891
26.664286540075942
24.77299587751728
21.920285337503024
17.089129904047983
26.60804802440588
26.277606027188515
24.274284288868408
23.762205638289597
21.203738177848557
21.444215039810988
21.297738862940307
24.023747392646744
21.78238278971572
20.917542530756663
23.042166857619264
19.225340395441897
24.07553398688879
20.366208759364838
24.963824771402646
25.223585522155016
26.07135280602661
23.81509044468185
24.764194026407868
22.67572901204567
23.92618840287562
24.429590295494734
20.470730828778226
24.0143100990157
23.891636657344726
20.62550025162351
23.654375760036807
21.012930609847707
22.55730228741555
22.809311025512
23.407630496533162
23.714867132502363
25.208061862474036
23.377248470537296
20.90429992575024
22.167037932334818
24.24514283160195
23.919520639374966
19.891771260274968
23.91142370098585
25.04937208814503
22.467772860800537
18.14265995609075
24.277972593812603
24.07067208505896
23.329459192709276
24.854606912888983
22.82339157466017
20.011143427208356
22.20466898806796
20.601966520929153
26.40482934846877
22.324079496672592
20.9727225353333
21.956094290624076
21.670441767654328
19.75164396859666
20.803393709237447
22.148295897071318
23.867342317834574
19.58420863695202
24.53925619418302
25.413962846001738
23.04223458284014
23.05154899635671
19.673886414752147
24.811723360620086
24.594106574148718
22.971279371005078
21.98730481494695
25.502775673740565
20.73474866376689
23.350083095579834
24.77515667720577
24.16936613119524
22.85095089708243
21.768838517872286
22.978554272750113
19.951207627052277
23.307612731570323
25.837585907047043
22.02102523274307
21.94572202408685
21.170318156444356
21.883124622027147
22.36759977796971
22.248902526895183
23.589657873758142
21.22080651550049
19.934070574922558
22.198869216663827
22.379441060265734
23.102692367708887
22.38395640400885
22.05129762598021
21.050784164827096
21.103276108007073
22.5189530052623
23.19717202524364
23.947827493470772
25.17429638253476
21.36524825855152
20.15283084450792
21.491890019876326
23.555313651885463
20.15026084106534
20.337346561121436
22.385299431433154
21.52858539318527
25.840548671857835
21.197747140484452
22.49259124324808
25.7009617085086
24.562948611236862
21.64142806757075
22.59415420494714
21.23815218678434
23.827709515014856
20.385199774687653
20.7347087184001
22.924333557134883
21.59425918036842
21.358818539323504
20.66833508935467
22.646437411111826
23.67777247944639
26.21230871601353
20.959917379689504
21.516460866796866
21.002810932591828
25.65427938247439
25.357380913202196
23.99505231602223
21.951553603742997
21.825421827775912
23.13121103456579
22.285469668201802
22.655199432985988
21.802912551580988
20.176029503642532
22.48437146750515
21.036926253136066
23.953725643853616
24.74221404071032
24.222536870522504
22.35146657146718
21.674005024542847
25.001093861585364
22.550997461794577
25.283966890878006
21.655451594898672
24.214899985446248
22.378876491602963
25.79826400851353
27.04442511157856
22.252598267931514
24.552097019535612
25.317764932289844
22.37554597896633
21.76548897463027
22.56882103754346
23.399809452821042
21.02230106485572
23.373674235443374
23.25355466088179
22.330314244601535
18.555043273606522
24.48489763424703
25.150037205358025
20.71994354700925
22.666826902392526
23.962151157602342
22.30431521228134
24.614958481023443
22.493133799059294
18.79878209150985
24.699310791404688
23.419102600766177
22.895004534514793
20.102110143798868
22.29707768419575
22.52625414565024
20.831941388626287
23.331012699844884
23.97086621351648
23.623510629872108
22.441575518947527
22.514319460296722
24.010585409481887
21.89934878462341
21.40014145892351
22.791722064479423
22.32946040703032
20.511196838497945
21.42355828263712
21.666537451917208
21.336932892372975
23.23334039756546
20.3573761011202
23.37463255190137
26.130590273404742
21.485440784307116
22.688614201860307
24.680039275484855
21.35175492472668
22.758126421792994
23.70125960648718
22.599588991768876
20.87992596487923
24.46983003033879
21.069036939467544
22.427268393246294
23.634623082827545
22.556015916645727
22.040620957323544
21.644887092442467
22.90697161265948
25.107105209561343
24.56408176049784
22.88342454673363
20.93314276184842
23.50030593859599
20.91805026788012
23.67211950182894
21.394502317569213
20.817289096645442
21.60633831371266
21.234459403907636
21.47568050969068
21.789218911384385
23.114742978473775
24.783295014567372
20.634200577170084
20.464152902890103
24.50960541554092
21.122768089224028
24.676950204888644
22.114658333704078
21.44420245408185
22.855457399099354
21.609697908078495
21.088712052518776
27.312060911764807
21.478799391705607
22.83615218898856
19.61249721004552
22.844025618881783
20.508805115985744
21.31059167712165
20.42953173804624
23.017417338657836
21.63836663632069
21.925405723741957
23.950219361129175
22.606057181339853
21.198504667034655
23.080281262657724
24.076319582637545
23.8925847787532
24.677741907710377
26.307019218180375
21.218545623719766
25.050390426133326
23.790919186688672
23.182490696941713
24.09893937765316
21.43610204580416
21.455620633991042
21.62326325953815
22.46608187489149
23.006458250703258
22.356350184676195
20.263705899959426
21.9928182133421
24.486165337319743
21.16788475699806
21.886591869751946
21.887488194697784
24.37367795641089
23.129460108209006
21.323082698030408
24.686973959082383
21.096124638561296
21.628353562383126
22.377339150001
23.66168741251517
23.37996737243063
23.36780325261575
23.951396738047336
21.503900807334848
21.88770645564961
25.081575677066645
22.508818632790312
25.25811030783603
21.361808390269136
22.118012969427102
26.479635801701633
26.955173200852624
21.318247869457938
22.335783094328814
22.577487352066168
24.57898197174517
21.834808548771417
21.421594748501807
19.650841386921172
23.315341211331667
24.571942194469358
25.20251642562944
20.82166797291926
20.949958081366912
24.076046914291243
24.24805554878871
20.32542826949419
23.880281045409074
21.38188173572261
19.949068581028914
23.184777972077654
24.641135090540768
23.233600034253556
22.749754181148763
20.891720843866125
21.799467843524152
20.29046080983583
20.580996122655662
20.37068774833019
22.46110447997697
24.420865427789813
22.525744510302818
24.062180462390938
23.17962102992766
23.332491281720426
25.954951669191367
20.579547729952566
22.312301560590768
21.3566353773537
23.38291480061336
21.418429398184355
22.743747946932405
24.45992963608421
22.600939865576613
21.609838419861923
23.181581100098708
23.68594873509921
23.21065781021901
24.537639526080383
23.505603206521894
22.607502035955445
23.83473722826354
20.953065867148652
20.503950989875236
23.100524227670565
20.414478324506412
22.659561861955627
22.786382435956053
24.81061887426012
23.822801061776943
27.65553969873433
21.623874407789373
22.753977100825857
19.43554728760016
24.181417694235936
26.656911161613003
25.02416333506175
23.772490069109896
22.357164397871436
21.849375193748536
21.90508191940955
22.45878226158866
22.77524680346488
21.37305449983174
23.78087867495989
19.73668221916953
21.382836744387195
24.355026248452297
21.142515446483586
22.5472949561767
20.677547581577603
23.09688738160417
24.723352025337547
19.23797142180042
24.954010038275296
21.692577152035465
25.012091230510464
20.007782921701253
21.648697221660218
20.70760412326456
22.34961627375035
20.956356260802306
22.299995773216963
25.807820683982136
19.986146860153017
22.701031976458427
21.72038710612381
18.914071357283323
21.941297185413394
25.18639705149936
22.93119517389929
22.586178445358833
22.046111663248638
21.78994741739135
21.132239382541496
24.72713124705703
20.453352149673428
20.566120408187533
20.75863801264067
21.222014138701276
24.404554857100372
22.710474023876596
24.511186810304096
22.80403013886321
24.73508347343906
23.61269630543135
23.403464923284588
22.505991158491238
18.22545721735462
23.427587787031815
22.26506065751742
22.535582414196785
18.680946072831826
23.604379805140137
22.96303820867527
24.00544782657115
23.827836676266337
21.168905638238293
21.631736631896825
21.240276414767756
23.907648179190062
20.819889840685473
24.342851756711745
21.726088986167635
23.708495383497276
22.602864123709523
22.978281710463246
24.87618097733185
21.90274378018266
26.37780781485245
22.104078600275134
20.597846415275104
23.9345398644027
21.492200975576484
24.337397812621163
25.85196032116164
23.480009424414625
21.124493612951625
26.506578775105986
21.871225608454306
22.762422355971214
20.30818439015501
22.58869344973173
23.673542293916434
22.71580607530133
22.625149916719707
25.764175017419586
21.996409033369765
24.55095267873869
24.690208051033075
21.137266067747376
23.760018718283284
23.006091792360788
22.552269494348327
26.444389562797674
23.9055480908408
23.852255985643634
20.229030236152283
20.810068850677276
21.805933695199496
22.262451011533514
25.56390827250431
23.27237560193657
22.085734411512696
21.317344322475993
22.174243647072995
23.216296557532836
21.98385477498281
22.154000249365065
21.496968291252237
21.845784763722015
20.93985916530372
22.673025284518285
23.65751811096813
18.910483696343114
20.921805405044438
20.08365110864083
25.05952824104809
20.575538462943886
23.358378866822132
21.21576033847653
21.742934577664343
23.627786454342914
24.262580070516066
23.63587893769264
20.049491890023514
22.781684877735415
26.43413693987153
23.150371136540823
23.852066975989803
23.612588972340948
21.472563346068995
21.93540110860423
23.541529620971797
18.91353776579186
24.26974068888895
23.92530544096382
23.36658676648992
22.958381247699794
22.50926465647475
22.528493005739787
22.556948321405525
23.605215967911274
21.019254962988494
21.876619434535467
23.47967648682948
22.731563275726693
24.246246318465396
20.975303873899495
21.890899093143585
21.846941486523953
24.74176885607175
20.007017369727077
22.3409600458835
19.712624824695446
25.296055041077334
22.357246068867852
24.12651837263255
24.016142206473365
20.31051782666613
19.915910354114036
22.37447531721803
23.161069144005374
20.796723533221268
23.075926203848702
22.481947712246054
25.029157856784312
22.195322037617434
23.107342786456947
23.960186087975814
21.894974489578704
24.04838889377108
24.665283941891527
24.327264920702483
23.426648641199918
24.32913441559508
18.697227057484216
22.343709190334078
22.916973648789018
23.819276164411598
23.15211259524902
22.046122362318975
23.451257423392743
24.581632360453685
26.98539290496284
21.19469606733822
21.587763455649576
21.364464835202163
21.750222952799653
21.019196789191735
20.914337803461148
21.393791655774052
25.491440318997235
23.156675374063184
22.212300347199108
22.368140973594482
23.499309098181868
23.113564547837207
23.403741531398186
22.76954544302483
23.465214709498245
22.469147875753112
23.892716239175236
23.330294537644235
22.693270842446577
23.968857811731002
21.723029344989317
21.6179197599117
22.01202574580221
23.54551417468394
22.43401724997495
20.540767464993873
23.02499815789187
25.330313410342374
22.596523134342952
20.97185140915806
24.16781048449151
24.618193953330035
22.56609740047492
20.284280989893553
21.577243755864192
23.347545291608135
20.923704822770947
23.509019437427362
21.183601949621846
21.151046731045515
21.39296550472371
23.80151534986764
23.57333712226564
22.046544432256937
25.003223891319923
22.574795538023103
23.21799755559398
24.33931821091866
23.235311390530505
20.43307065484617
22.673451453425617
21.980395274116496
21.738360395634718
21.874034536618552
23.11191295104569
22.978222292030015
22.067443672925346
26.473650104394967
20.639436496685562
23.73287687203213
23.498575126824957
21.213591178899637
25.862404317252725
22.051889708150014
23.441719977536486
20.33245585029562
23.494014968429926
20.305336951352434
21.521098925988507
21.396041849298854
23.881842131863902
21.113839157343534
19.637646991458034
22.475045744092313
24.525481120065965
23.166416654450213
23.319631996786494
22.186957462393703
21.940514205330274
23.45813144499183
22.253752765830605
22.811447787563427
24.434923242051735
20.900928942526054
20.94098784966439
21.273140264331627
23.45487044119807
20.478202865500855
23.17215884060004
21.01407796630773
25.4751693006912
24.82190790343363
21.48313539766726
22.041713769513077
23.08298454807424
23.199295292573144
22.193828786353127
23.34850027061144
22.49312935319049
23.429389749269877
22.36123404823971
22.51217292148215
22.68612599055695
26.56135614797069
24.94649832939954
23.289259056621944
19.62137855336687
23.233015418736848
20.53886811720394
26.159473270064797
21.3279512647217
24.483932416284354
21.196537973305894
24.585902012361505
21.43189022581051
21.965587979733705
21.468406711725414
21.084385927774186
23.931797972362563
26.281149409998747
23.128383954417487
24.67328858434949
21.219195974262057
21.58171228526763
21.199371665744824
21.677642801866593
20.69442183311446
22.439430223097286
